[ WARN] [1506301919.582324180, 0.003000000]: 0.003000	-0.020000	0.003510	0.002326	0.002762
[ WARN] [1506301920.080032728, 0.004000000]: 0.004000	-0.020000	-3.113687	-2.820978	-3.100182
[ WARN] [1506301922.446777296, 0.004000000]: 0.005000	-0.020000	-10.057010	-9.790153	-10.045027
[ WARN] [1506301922.448531768, 0.005000000]: 0.006000	-0.020000	-13.026660	-13.579562	-13.223050
[ WARN] [1506301922.450323149, 0.006000000]: 0.007000	-0.020000	-20.092373	-20.668547	-20.294655
[ WARN] [1506301922.452718524, 0.007000000]: 0.008000	-0.020000	-16.628062	-19.582145	-17.002291
[ WARN] [1506301922.454605890, 0.008000000]: 0.009000	-0.020000	-23.613123	-26.644977	-23.993730
[ WARN] [1506301922.457920857, 0.010000000]: 0.010000	-0.020000	-24.665148	-28.228097	-25.259186
[ WARN] [1506301922.466200710, 0.011000000]: 0.011000	-0.020000	-31.716009	-35.302518	-32.315541
[ WARN] [1506301922.472466127, 0.012000000]: 0.012000	-0.020000	-32.023878	-33.041416	-33.425830
[ WARN] [1506301922.483778976, 0.012000000]: 0.013000	-0.020000	-39.087507	-40.058568	-39.741522
[ WARN] [1506301922.492944720, 0.014000000]: 0.014000	-0.020000	-36.671418	-47.099616	-35.680438
[ WARN] [1506301922.498487191, 0.014000000]: 0.015000	-0.020000	-43.457981	-50.821036	-42.855473
[ WARN] [1506301922.502470376, 0.015000000]: 0.016000	-0.020000	-49.751219	-47.419372	-50.744295
[ WARN] [1506301922.506474895, 0.016000000]: 0.017000	-0.020000	-41.398840	-54.706007	-45.126303
[ WARN] [1506301922.511265280, 0.018000000]: 0.018000	-0.020000	-43.011993	-62.123046	-51.667843
[ WARN] [1506301922.516300565, 0.019000000]: 0.019000	-0.020000	-49.482883	-62.948055	-59.274768
[ WARN] [1506301922.529734153, 0.020000000]: 0.020000	-0.020000	-57.121577	-69.395369	-58.934750
[ WARN] [1506301922.535137744, 0.021000000]: 0.021000	-0.020000	-63.708613	-70.737498	-66.380451
[ WARN] [1506301922.540328020, 0.022000000]: 0.022000	-0.020000	-71.246093	-77.247846	-67.008298
[ WARN] [1506301922.545752298, 0.023000000]: 0.023000	-0.020000	-59.817617	-81.108473	-73.021007
[ WARN] [1506301922.550396863, 0.024000000]: 0.024000	-0.020000	-66.725775	-80.999411	-71.767816
[ WARN] [1506301922.563674621, 0.025000000]: 0.025000	-0.020000	-73.778390	-87.968815	-78.765921
[ WARN] [1506301922.569588190, 0.026000000]: 0.026000	-0.020000	-80.547967	-89.522518	-83.881884
[ WARN] [1506301922.574411851, 0.027000000]: 0.027000	-0.020000	-87.897159	-96.098701	-86.316973
[ WARN] [1506301922.578881341, 0.028000000]: 0.028000	-0.020000	-69.508411	-104.377794	-87.714254
[ WARN] [1506301922.583252690, 0.029000000]: 0.029000	-0.020000	-75.393876	-97.194040	-95.442585
[ WARN] [1506301922.587448826, 0.030000000]: 0.030000	-0.020000	-82.883380	-103.765154	-95.289356
[ WARN] [1506301922.600022994, 0.031000000]: 0.031000	-0.020000	-90.271859	-107.937648	-94.253002
[ WARN] [1506301922.603353159, 0.032000000]: 0.032000	-0.020000	-96.518337	-103.288550	-101.969390
[ WARN] [1506301922.608005959, 0.033000000]: 0.033000	-0.020000	-103.438021	-110.239983	-108.903437
[ WARN] [1506301922.611068457, 0.034000000]: 0.034000	-0.020000	-111.130493	-116.300747	-102.575172
[ WARN] [1506301922.614639644, 0.035000000]: 0.035000	-0.020000	-117.950255	-123.102549	-109.551408
[ WARN] [1506301922.618527534, 0.036000000]: 0.036000	-0.020000	-91.896296	-131.299737	-114.999692
[ WARN] [1506301922.622524053, 0.037000000]: 0.037000	-0.020000	-98.676635	-132.121022	-122.210877
[ WARN] [1506301922.633818240, 0.038000000]: 0.038000	-0.020000	-104.071482	-118.646843	-130.567529
[ WARN] [1506301922.638731080, 0.039000000]: 0.039000	-0.020000	-111.124771	-125.454692	-135.797420
[ WARN] [1506301922.643253383, 0.040000000]: 0.040000	-0.020000	-119.982450	-130.315138	-118.135604
[ WARN] [1506301922.647209602, 0.041000000]: 0.041000	-0.020000	-126.773326	-137.051575	-125.081763
[ WARN] [1506301922.651831348, 0.042000000]: 0.042000	-0.020000	-103.912805	-145.535469	-130.101908
[ WARN] [1506301922.656062045, 0.043000000]: 0.043000	-0.020000	-111.032130	-152.086985	-136.835919
[ WARN] [1506301922.661486399, 0.044000000]: 0.044000	-0.020000	-118.049292	-158.539096	-143.481722
[ WARN] [1506301922.669804811, 0.045000000]: 0.045000	-0.020000	-124.991537	-164.890049	-150.029550
[ WARN] [1506301922.674645614, 0.046000000]: 0.046000	-0.020000	-129.913284	-134.681797	-158.403586
[ WARN] [1506301922.679990829, 0.047000000]: 0.047000	-0.020000	-136.612256	-141.713401	-164.761898
[ WARN] [1506301922.683557077, 0.048000000]: 0.048000	-0.020000	-143.254231	-148.568064	-170.987938
[ WARN] [1506301922.687434874, 0.049000000]: 0.049000	-0.020000	-149.806955	-155.301406	-177.101957
[ WARN] [1506301922.691803849, 0.050000000]: 0.050000	-0.020000	-156.938563	-161.229650	-175.330329
[ WARN] [1506301922.697869927, 0.051000000]: 0.051000	-0.020000	-165.295207	-165.671433	-157.721795
[ WARN] [1506301922.707271900, 0.052000000]: 0.052000	-0.020000	-128.362164	-175.016007	-161.374903
[ WARN] [1506301922.712404161, 0.053000000]: 0.053000	-0.020000	-135.308002	-181.171060	-167.804798
[ WARN] [1506301922.717699414, 0.054000000]: 0.054000	-0.020000	-142.343102	-187.185524	-174.106480
[ WARN] [1506301922.721309239, 0.055000000]: 0.055000	-0.020000	-148.495617	-175.149585	-180.996847
[ WARN] [1506301922.725282708, 0.056000000]: 0.056000	-0.020000	-155.200627	-181.028465	-187.036470
[ WARN] [1506301922.729106758, 0.057000000]: 0.057000	-0.020000	-161.812372	-187.233352	-192.881429
[ WARN] [1506301922.732408971, 0.058000000]: 0.058000	-0.020000	-166.021394	-155.760657	-200.787195
[ WARN] [1506301922.737356575, 0.059000000]: 0.059000	-0.020000	-172.303269	-161.798467	-206.293684
[ WARN] [1506301922.743731402, 0.060000000]: 0.060000	-0.020000	-178.424076	-168.668481	-211.679524
[ WARN] [1506301922.748570209, 0.061000000]: 0.061000	-0.020000	-185.543141	-174.177118	-200.668665
[ WARN] [1506301922.752775241, 0.062000000]: 0.062000	-0.020000	-191.385886	-180.599438	-206.608932
[ WARN] [1506301922.756479764, 0.063000000]: 0.063000	-0.020000	-197.075257	-186.860809	-212.171682
[ WARN] [1506301922.761106766, 0.063000000]: 0.064000	-0.020000	-203.229158	-192.319737	-204.266886
[ WARN] [1506301922.766217427, 0.064000000]: 0.065000	-0.020000	-208.936432	-197.882422	-202.084282
[ WARN] [1506301922.770781287, 0.065000000]: 0.066000	-0.020000	-214.199139	-203.569110	-207.772901
[ WARN] [1506301922.774812336, 0.067000000]: 0.067000	-0.020000	-219.302234	-209.102599	-213.438850
[ WARN] [1506301922.782249727, 0.068000000]: 0.068000	-0.020000	-188.945891	-216.710535	-216.632770
[ WARN] [1506301922.788058215, 0.069000000]: 0.069000	-0.020000	-195.115041	-221.957003	-221.768664
[ WARN] [1506301922.791442292, 0.070000000]: 0.070000	-0.020000	-201.219204	-226.992131	-226.776136
[ WARN] [1506301922.795798381, 0.071000000]: 0.071000	-0.020000	-207.088304	-168.336352	-172.981533
[ WARN] [1506301922.800285961, 0.072000000]: 0.072000	-0.020000	-212.541393	-175.335011	-180.253502
[ WARN] [1506301922.804711052, 0.072000000]: 0.073000	-0.020000	-217.816529	-182.103705	-187.093432
[ WARN] [1506301922.809146578, 0.074000000]: 0.074000	-0.020000	-222.885136	-188.605086	-193.662764
[ WARN] [1506301922.812966788, 0.075000000]: 0.075000	-0.020000	-227.758932	-194.840860	-199.968145
[ WARN] [1506301922.819069313, 0.076000000]: 0.076000	-0.020000	-232.449191	-200.818560	-206.020553
[ WARN] [1506301922.825257882, 0.077000000]: 0.077000	-0.020000	-236.965938	-206.549415	-211.832963
[ WARN] [1506301922.829174359, 0.078000000]: 0.078000	-0.020000	-220.207202	-213.596193	-215.830720
[ WARN] [1506301922.832109102, 0.079000000]: 0.079000	-0.020000	-198.868294	-220.942984	-218.998788
[ WARN] [1506301922.835810281, 0.080000000]: 0.080000	-0.020000	-205.199735	-225.978108	-224.003884
[ WARN] [1506301922.838975351, 0.081000000]: 0.081000	-0.020000	-211.214956	-230.798953	-228.849116
[ WARN] [1506301922.842806067, 0.082000000]: 0.082000	-0.020000	-216.959542	-235.429130	-233.513411
[ WARN] [1506301922.848043216, 0.082000000]: 0.083000	-0.020000	-222.446263	-239.879190	-237.999467
[ WARN] [1506301922.853127976, 0.084000000]: 0.084000	-0.020000	-227.690584	-244.158574	-242.308563
[ WARN] [1506301922.856234190, 0.085000000]: 0.085000	-0.020000	-232.708219	-248.275632	-246.441248
[ WARN] [1506301922.860530323, 0.086000000]: 0.086000	-0.020000	-237.513433	-252.237621	-250.398055
[ WARN] [1506301922.865140631, 0.087000000]: 0.087000	-0.020000	-242.118017	-256.050680	-254.180098
[ WARN] [1506301922.868647714, 0.088000000]: 0.088000	-0.020000	-246.530874	-259.719793	-257.789528
[ WARN] [1506301922.871986443, 0.089000000]: 0.089000	-0.020000	-250.758062	-263.248769	-261.229778
[ WARN] [1506301922.875880453, 0.090000000]: 0.090000	-0.020000	-251.755566	-219.182309	-263.799429
[ WARN] [1506301922.882170153, 0.091000000]: 0.091000	-0.020000	-255.418918	-225.170781	-267.888175
[ WARN] [1506301922.886326367, 0.092000000]: 0.092000	-0.020000	-258.966137	-230.838590	-270.969005
[ WARN] [1506301922.891424850, 0.092000000]: 0.093000	-0.020000	-263.094944	-235.388156	-262.649743
[ WARN] [1506301922.896663376, 0.093000000]: 0.094000	-0.020000	-266.307009	-240.318387	-267.735578
[ WARN] [1506301922.901672474, 0.095000000]: 0.095000	-0.020000	-276.036299	-238.062194	-184.217112
[ WARN] [1506301922.905962678, 0.096000000]: 0.096000	-0.020000	-278.828366	-242.148098	-191.519255
[ WARN] [1506301922.908585564, 0.097000000]: 0.097000	-0.020000	-281.408992	-246.047180	-198.660798
[ WARN] [1506301922.910651683, 0.098000000]: 0.098000	-0.020000	-283.820994	-249.745267	-205.383220
[ WARN] [1506301922.912559428, 0.099000000]: 0.099000	-0.020000	-286.066093	-253.251615	-211.715702
[ WARN] [1506301922.914660739, 0.100000000]: 0.100000	-0.020000	-287.001899	-213.928749	-219.672249
[ WARN] [1506301922.920326878, 0.101000000]: 0.101000	-0.020000	-160.516725	-225.837463	-218.786290
[ WARN] [1506301922.925036997, 0.102000000]: 0.102000	-0.020000	-167.389035	-231.019399	-223.655905
[ WARN] [1506301922.930016186, 0.103000000]: 0.103000	-0.020000	-175.250851	-235.845538	-228.394111
[ WARN] [1506301922.933189807, 0.104000000]: 0.104000	-0.020000	-182.620357	-240.393974	-232.929196
[ WARN] [1506301922.934842717, 0.105000000]: 0.105000	-0.020000	-189.538913	-244.688415	-237.283163
[ WARN] [1506301922.938455334, 0.106000000]: 0.106000	-0.020000	-196.052772	-248.753739	-241.472588
[ WARN] [1506301922.940311134, 0.107000000]: 0.107000	-0.020000	-202.209258	-252.613272	-245.508993
[ WARN] [1506301922.942217094, 0.108000000]: 0.108000	-0.020000	-208.053581	-256.287070	-249.399485
[ WARN] [1506301922.944481129, 0.109000000]: 0.109000	-0.020000	-207.302659	-168.459095	-259.180506
[ WARN] [1506301922.948004022, 0.110000000]: 0.110000	-0.020000	-212.248848	-173.599212	-262.637526
[ WARN] [1506301922.950996035, 0.111000000]: 0.111000	-0.020000	-217.010156	-181.186727	-265.993972
[ WARN] [1506301922.954401060, 0.112000000]: 0.112000	-0.020000	-221.614405	-188.376481	-269.184736
[ WARN] [1506301922.957063353, 0.112000000]: 0.113000	-0.020000	-226.074562	-195.194726	-272.208504
[ WARN] [1506301922.960705952, 0.114000000]: 0.114000	-0.020000	-230.397807	-201.671930	-275.064681
[ WARN] [1506301922.967372118, 0.115000000]: 0.115000	-0.020000	-234.586593	-207.839602	-277.753708
[ WARN] [1506301922.969674448, 0.116000000]: 0.116000	-0.020000	-238.639783	-213.727809	-280.277144
[ WARN] [1506301922.972473748, 0.117000000]: 0.117000	-0.020000	-242.553825	-219.363428	-282.637659
[ WARN] [1506301922.974305447, 0.117000000]: 0.118000	-0.020000	-246.323922	-224.769113	-284.839024
[ WARN] [1506301922.976498962, 0.119000000]: 0.119000	-0.020000	-249.945176	-229.962887	-286.886132
[ WARN] [1506301922.978156399, 0.120000000]: 0.120000	-0.020000	-253.413626	-234.958220	-288.785012
[ WARN] [1506301922.979658979, 0.121000000]: 0.121000	-0.020000	-256.727076	-239.764484	-290.542731
[ WARN] [1506301922.981301386, 0.122000000]: 0.122000	-0.020000	-259.885609	-244.387652	-292.167130
[ WARN] [1506301922.983287714, 0.123000000]: 0.123000	-0.020000	-262.891743	-248.831144	-293.666423
[ WARN] [1506301922.985644032, 0.124000000]: 0.124000	-0.020000	-265.750268	-253.096711	-295.048798
[ WARN] [1506301922.988000822, 0.125000000]: 0.125000	-0.020000	-268.467894	-257.185276	-296.322145
[ WARN] [1506301922.990936675, 0.126000000]: 0.126000	-0.020000	-271.052836	-261.097662	-297.493966
[ WARN] [1506301922.994557383, 0.127000000]: 0.127000	-0.020000	-279.304743	-258.742402	-221.248482
[ WARN] [1506301922.996912428, 0.128000000]: 0.128000	-0.020000	-281.541578	-261.917146	-227.856719
[ WARN] [1506301923.000505679, 0.129000000]: 0.129000	-0.020000	-283.630166	-265.001385	-233.671826
[ WARN] [1506301923.004726284, 0.130000000]: 0.130000	-0.020000	-285.607981	-267.945980	-238.998222
[ WARN] [1506301923.008288105, 0.131000000]: 0.131000	-0.020000	-287.484489	-270.755568	-243.885378
[ WARN] [1506301923.010231613, 0.132000000]: 0.132000	-0.020000	-289.267409	-273.435792	-248.387758
[ WARN] [1506301923.011670255, 0.132000000]: 0.133000	-0.020000	-290.962244	-275.992748	-252.558826
[ WARN] [1506301923.013785020, 0.134000000]: 0.134000	-0.020000	-292.572145	-278.432354	-256.447037
[ WARN] [1506301923.015633992, 0.135000000]: 0.135000	-0.020000	-294.098144	-280.759837	-260.093608
[ WARN] [1506301923.017615051, 0.136000000]: 0.136000	-0.020000	-174.231346	-294.973124	-251.115868
[ WARN] [1506301923.019718084, 0.137000000]: 0.137000	-0.020000	-180.204993	-296.732141	-253.667292
[ WARN] [1506301923.021650930, 0.138000000]: 0.138000	-0.020000	-188.598438	-298.392787	-256.141133
[ WARN] [1506301923.023590820, 0.139000000]: 0.139000	-0.020000	-196.431218	-299.906955	-258.527341
[ WARN] [1506301923.025631303, 0.140000000]: 0.140000	-0.020000	-203.748677	-301.276963	-260.831135
[ WARN] [1506301923.027291833, 0.140000000]: 0.141000	-0.020000	-210.601956	-302.504873	-263.054818
[ WARN] [1506301923.031423905, 0.142000000]: 0.142000	-0.020000	-217.043282	-303.592786	-265.199071
[ WARN] [1506301923.035174793, 0.143000000]: 0.143000	-0.020000	-223.122337	-304.543201	-267.264111
[ WARN] [1506301923.041278186, 0.144000000]: 0.144000	-0.020000	-228.883756	-305.359400	-269.250616
[ WARN] [1506301923.044750784, 0.145000000]: 0.145000	-0.020000	-234.365680	-306.045771	-271.160292
[ WARN] [1506301923.048042919, 0.146000000]: 0.146000	-0.020000	-239.596622	-306.603616	-272.991023
[ WARN] [1506301923.051127868, 0.147000000]: 0.147000	-0.020000	-244.604130	-307.032816	-275.261940
[ WARN] [1506301923.055121873, 0.148000000]: 0.148000	-0.020000	-249.404008	-307.371465	-276.892354
[ WARN] [1506301923.058118308, 0.149000000]: 0.149000	-0.020000	-254.010273	-307.610259	-278.467944
[ WARN] [1506301923.061057397, 0.150000000]: 0.150000	-0.020000	-258.105723	-176.924429	-189.890220
[ WARN] [1506301923.064085600, 0.151000000]: 0.151000	-0.020000	-261.233309	-182.296151	-195.347861
[ WARN] [1506301923.068701937, 0.152000000]: 0.152000	-0.020000	-264.219563	-189.058380	-203.074811
[ WARN] [1506301923.072273905, 0.153000000]: 0.153000	-0.020000	-267.026979	-195.301223	-210.254728
[ WARN] [1506301923.077359664, 0.154000000]: 0.154000	-0.020000	-269.658861	-201.080134	-216.937099
[ WARN] [1506301923.079332019, 0.155000000]: 0.155000	-0.020000	-272.119786	-206.457523	-223.177556
[ WARN] [1506301923.080845212, 0.156000000]: 0.156000	-0.020000	-274.415721	-211.496754	-229.031867
[ WARN] [1506301923.082519731, 0.157000000]: 0.157000	-0.020000	-276.553732	-216.257415	-234.551421
[ WARN] [1506301923.084174530, 0.158000000]: 0.158000	-0.020000	-278.541472	-220.792006	-239.780308
[ WARN] [1506301923.086085931, 0.158000000]: 0.159000	-0.020000	-280.386624	-225.144013	-244.753941
[ WARN] [1506301923.087842923, 0.160000000]: 0.160000	-0.020000	-282.096445	-229.347224	-249.498947
[ WARN] [1506301923.089121807, 0.161000000]: 0.161000	-0.020000	-283.677508	-233.426050	-254.033945
[ WARN] [1506301923.090142504, 0.162000000]: 0.162000	-0.020000	-285.135589	-237.396558	-258.370817
[ WARN] [1506301923.091447657, 0.163000000]: 0.163000	-0.020000	-286.475630	-241.267862	-262.516137
[ WARN] [1506301923.093038041, 0.164000000]: 0.164000	-0.020000	-287.701708	-245.043621	-266.472561
[ WARN] [1506301923.094294475, 0.165000000]: 0.165000	-0.020000	-288.817012	-248.723445	-270.240113
[ WARN] [1506301923.095545073, 0.166000000]: 0.166000	-0.020000	-289.823964	-252.304185	-273.817377
[ WARN] [1506301923.096963814, 0.167000000]: 0.167000	-0.020000	-290.724564	-255.781136	-277.202606
[ WARN] [1506301923.098079604, 0.168000000]: 0.168000	-0.020000	-291.520979	-259.149170	-280.394701
[ WARN] [1506301923.099241964, 0.169000000]: 0.169000	-0.020000	-292.216250	-262.403717	-283.393983
[ WARN] [1506301923.100264498, 0.170000000]: 0.170000	-0.020000	-292.814895	-265.541495	-286.202605
[ WARN] [1506301923.101175669, 0.170000000]: 0.171000	-0.020000	-293.323230	-268.560883	-288.824544
[ WARN] [1506301923.102492096, 0.170000000]: 0.172000	-0.020000	-293.749325	-271.461950	-291.265252
[ WARN] [1506301923.106408298, 0.173000000]: 0.173000	-0.020000	-294.102714	-274.246274	-293.531154
[ WARN] [1506301923.109409066, 0.174000000]: 0.174000	-0.020000	-294.394022	-276.916688	-295.629214
[ WARN] [1506301923.112255800, 0.175000000]: 0.175000	-0.020000	-294.634651	-279.477114	-297.566687
[ WARN] [1506301923.115451992, 0.176000000]: 0.176000	-0.020000	-294.836513	-281.932503	-299.351010
[ WARN] [1506301923.118173055, 0.177000000]: 0.177000	-0.020000	-295.011707	-284.288767	-300.989709
[ WARN] [1506301923.120733708, 0.178000000]: 0.178000	-0.020000	-295.172006	-286.552557	-302.490172
[ WARN] [1506301923.123491784, 0.179000000]: 0.179000	-0.020000	-295.328165	-288.730791	-303.859244
[ WARN] [1506301923.125159274, 0.180000000]: 0.180000	-0.020000	-295.431976	-290.797867	-305.064432
[ WARN] [1506301923.126603675, 0.181000000]: 0.181000	-0.020000	-299.756887	-292.790084	-306.062585
[ WARN] [1506301923.128486243, 0.182000000]: 0.182000	-0.020000	-299.334448	-294.722287	-307.088709
[ WARN] [1506301923.129829044, 0.183000000]: 0.183000	-0.020000	-298.996490	-296.588317	-308.000779
[ WARN] [1506301923.131145774, 0.184000000]: 0.184000	-0.020000	-185.120162	-312.819424	-293.931894
[ WARN] [1506301923.132346027, 0.185000000]: 0.185000	-0.020000	-190.610063	-314.147341	-293.730999
[ WARN] [1506301923.133528143, 0.186000000]: 0.186000	-0.020000	-198.411342	-315.361203	-293.545637
[ WARN] [1506301923.134687920, 0.187000000]: 0.187000	-0.020000	-205.678096	-316.440183	-293.346848
[ WARN] [1506301923.135731509, 0.188000000]: 0.188000	-0.020000	-212.460088	-317.384552	-293.136752
[ WARN] [1506301923.136798167, 0.189000000]: 0.189000	-0.020000	-218.812624	-318.194909	-292.918109
[ WARN] [1506301923.137844949, 0.190000000]: 0.190000	-0.020000	-224.790913	-318.872347	-292.694426
[ WARN] [1506301923.139575292, 0.191000000]: 0.191000	-0.020000	-230.446031	-319.418764	-292.470235
[ WARN] [1506301923.140966931, 0.192000000]: 0.192000	-0.020000	-235.822395	-319.837187	-292.251282
[ WARN] [1506301923.142300314, 0.193000000]: 0.193000	-0.020000	-240.956526	-320.131921	-292.044368
[ WARN] [1506301923.143695302, 0.194000000]: 0.194000	-0.020000	-245.876822	-320.308461	-291.856798
[ WARN] [1506301923.146458850, 0.195000000]: 0.195000	-0.020000	-250.604101	-320.373220	-291.695710
[ WARN] [1506301923.148277679, 0.196000000]: 0.196000	-0.020000	-255.152707	-320.333263	-291.567608
[ WARN] [1506301923.150360512, 0.197000000]: 0.197000	-0.020000	-259.531962	-320.196186	-291.478273
[ WARN] [1506301923.154119397, 0.198000000]: 0.198000	-0.020000	-263.747716	-319.970132	-291.432919
[ WARN] [1506301923.157269914, 0.199000000]: 0.199000	-0.020000	-267.803767	-319.663813	-291.436283
[ WARN] [1506301923.159282888, 0.200000000]: 0.200000	-0.020000	-271.702970	-319.286340	-291.492410
[ WARN] [1506301923.161626292, 0.201000000]: 0.201000	-0.020000	-275.447929	-318.846785	-291.604119
[ WARN] [1506301923.164054935, 0.202000000]: 0.202000	-0.020000	-279.041285	-318.353571	-291.772448
[ WARN] [1506301923.166844416, 0.203000000]: 0.203000	0.020000	-282.485675	-317.813921	-291.996456
[ WARN] [1506301923.168758304, 0.204000000]: 0.204000	0.020000	-271.603200	-303.052765	-278.075037
[ WARN] [1506301923.172007094, 0.205000000]: 0.205000	0.020000	-261.600083	-289.525775	-265.462354
[ WARN] [1506301923.174375977, 0.206000000]: 0.206000	0.020000	-252.296729	-276.975470	-253.897767
[ WARN] [1506301923.176656450, 0.207000000]: 0.207000	0.020000	-243.546600	-265.200869	-243.177800
[ WARN] [1506301923.182834589, 0.208000000]: 0.208000	0.020000	-244.400090	-244.634223	-160.346581
[ WARN] [1506301923.188026797, 0.209000000]: 0.209000	0.020000	-236.327485	-233.272221	-152.501102
[ WARN] [1506301923.191923818, 0.210000000]: 0.210000	0.020000	-228.368147	-222.525230	-147.184762
[ WARN] [1506301923.197826455, 0.211000000]: 0.211000	0.020000	-214.691004	-174.548682	-147.482376
[ WARN] [1506301923.200455265, 0.212000000]: 0.212000	0.020000	-206.647604	-164.617777	-141.938467
[ WARN] [1506301923.203444753, 0.213000000]: 0.213000	0.020000	-198.790957	-156.800271	-136.271834
[ WARN] [1506301923.205926939, 0.214000000]: 0.214000	0.020000	-191.024141	-148.994708	-130.567552
[ WARN] [1506301923.208882897, 0.215000000]: 0.215000	0.020000	-183.323838	-141.215543	-124.842649
[ WARN] [1506301923.211768116, 0.216000000]: 0.216000	0.020000	-175.670548	-133.477181	-119.109367
[ WARN] [1506301923.214792692, 0.217000000]: 0.217000	0.020000	-168.047820	-125.792124	-113.375402
[ WARN] [1506301923.217821770, 0.218000000]: 0.218000	0.020000	-160.441703	-118.170181	-107.644489
[ WARN] [1506301923.221563640, 0.219000000]: 0.219000	0.020000	-152.840362	-110.618337	-101.917126
[ WARN] [1506301923.224799375, 0.220000000]: 0.220000	0.020000	-145.233801	-103.141009	-96.191305
[ WARN] [1506301923.228088762, 0.221000000]: 0.221000	0.020000	-137.613646	-95.740471	-90.463181
[ WARN] [1506301923.231393215, 0.222000000]: 0.222000	0.020000	-129.972972	-88.417326	-84.727657
[ WARN] [1506301923.234714521, 0.223000000]: 0.223000	0.020000	-122.306164	-81.170960	-78.978855
[ WARN] [1506301923.236854642, 0.224000000]: 0.224000	0.020000	-114.608798	-73.999930	-73.210500
[ WARN] [1506301923.238582319, 0.225000000]: 0.225000	0.020000	-106.877547	-66.902274	-67.416216
[ WARN] [1506301923.239779040, 0.226000000]: 0.226000	0.020000	-99.110087	-59.875754	-61.589742
[ WARN] [1506301923.240827003, 0.227000000]: 0.227000	0.020000	-91.305031	-52.918030	-55.725099
[ WARN] [1506301923.241887418, 0.228000000]: 0.228000	0.020000	-83.461861	-46.026776	-49.816711
[ WARN] [1506301923.242934797, 0.229000000]: 0.229000	0.020000	-75.580870	-39.199766	-43.859482
[ WARN] [1506301923.243962920, 0.230000000]: 0.230000	0.020000	-67.663114	-32.434921	-37.848862
[ WARN] [1506301923.245024958, 0.231000000]: 0.231000	0.020000	-59.710364	-25.730333	-31.780884
[ WARN] [1506301923.246042544, 0.232000000]: 0.232000	0.020000	-51.725060	-19.084282	-25.652197
[ WARN] [1506301923.247078650, 0.233000000]: 0.233000	0.020000	-43.710275	-12.495237	-19.460078
[ WARN] [1506301923.248191429, 0.234000000]: 0.234000	0.020000	-35.669670	-5.961853	-13.202451
[ WARN] [1506301923.249311179, 0.235000000]: 0.235000	0.020000	-27.607463	0.517040	-6.877889
[ WARN] [1506301923.250463087, 0.236000000]: 0.236000	0.020000	-19.528389	6.942442	-0.485617
[ WARN] [1506301923.253286063, 0.237000000]: 0.237000	0.020000	-11.437663	13.315196	5.974491
[ WARN] [1506301923.255401567, 0.238000000]: 0.238000	0.020000	-3.340949	19.636000	12.501917
[ WARN] [1506301923.257666503, 0.239000000]: 0.239000	0.020000	4.755679	25.905417	19.095510
[ WARN] [1506301923.261853245, 0.240000000]: 0.240000	0.020000	-76.927762	18.718407	39.159523
[ WARN] [1506301923.266497719, 0.241000000]: 0.241000	0.020000	-94.109041	23.772225	48.397846
[ WARN] [1506301923.268691282, 0.242000000]: 0.242000	0.020000	-107.722182	28.697719	57.565919
[ WARN] [1506301923.270929676, 0.243000000]: 0.243000	0.020000	-101.071160	35.909131	64.572880
[ WARN] [1506301923.272321472, 0.244000000]: 0.244000	0.020000	-93.718501	43.150746	71.497656
[ WARN] [1506301923.273656097, 0.245000000]: 0.245000	0.020000	-86.484408	50.375059	78.385984
[ WARN] [1506301923.275103222, 0.246000000]: 0.246000	0.020000	-79.345262	57.579241	85.233088
[ WARN] [1506301923.276166467, 0.247000000]: 0.247000	0.020000	-72.279146	64.759773	92.034188
[ WARN] [1506301923.277669181, 0.248000000]: 0.248000	0.020000	-65.266638	71.912575	98.784507
[ WARN] [1506301923.279426563, 0.249000000]: 0.249000	0.020000	-58.291099	79.033110	105.479272
[ WARN] [1506301923.281059289, 0.250000000]: 0.250000	0.020000	-51.338661	86.116487	112.113712
[ WARN] [1506301923.283147181, 0.251000000]: 0.251000	0.020000	-44.398052	93.157543	118.683050
[ WARN] [1506301923.285083023, 0.252000000]: 0.252000	0.020000	-37.460334	100.150916	125.182502
[ WARN] [1506301923.287910668, 0.253000000]: 0.253000	0.020000	-30.518629	107.091109	131.607284
[ WARN] [1506301923.290918897, 0.254000000]: 0.254000	0.020000	-54.068767	111.883713	140.090642
[ WARN] [1506301923.295723859, 0.255000000]: 0.255000	0.020000	-47.224307	118.838537	146.384029
[ WARN] [1506301923.300974268, 0.256000000]: 0.256000	0.020000	-40.305913	125.735615	152.560782
[ WARN] [1506301923.304177081, 0.257000000]: 0.257000	0.020000	-33.390996	132.558425	158.636047
[ WARN] [1506301923.306973887, 0.258000000]: 0.258000	0.020000	-47.241433	137.962214	165.985462
[ WARN] [1506301923.309307020, 0.259000000]: 0.259000	0.020000	-40.675974	144.724744	171.848050
[ WARN] [1506301923.311445880, 0.260000000]: 0.260000	0.020000	-33.734274	151.388494	177.597107
[ WARN] [1506301923.313527893, 0.261000000]: 0.261000	0.020000	-46.251480	156.335067	184.889651
[ WARN] [1506301923.316036059, 0.262000000]: 0.262000	0.020000	-39.453773	162.900970	190.418184
[ WARN] [1506301923.319134113, 0.263000000]: 0.263000	0.020000	-30.682749	131.674245	193.950641
[ WARN] [1506301923.322074468, 0.264000000]: 0.264000	0.020000	-38.298851	137.581279	200.706463
[ WARN] [1506301923.327728500, 0.265000000]: 0.265000	0.020000	-30.865600	134.213415	205.372930
[ WARN] [1506301923.334057514, 0.266000000]: 0.266000	0.020000	-44.125420	136.528470	164.048808
[ WARN] [1506301923.337122986, 0.267000000]: 0.267000	0.020000	-40.926620	121.491729	169.928142
[ WARN] [1506301923.340530694, 0.268000000]: 0.268000	0.020000	-38.748196	128.481602	176.724275
[ WARN] [1506301923.343654688, 0.269000000]: 0.269000	0.020000	-40.589477	128.774628	168.050331
[ WARN] [1506301923.346197078, 0.270000000]: 0.270000	0.020000	-38.815952	135.577268	175.118754
[ WARN] [1506301923.348943137, 0.271000000]: 0.271000	0.020000	-36.947439	130.382503	181.486474
[ WARN] [1506301923.351835370, 0.272000000]: 0.272000	0.020000	-38.110754	137.226827	170.220996
[ WARN] [1506301923.354721550, 0.273000000]: 0.273000	0.020000	-38.653209	144.291795	168.323643
[ WARN] [1506301923.357539444, 0.274000000]: 0.274000	0.020000	-31.622284	149.122591	174.578078
[ WARN] [1506301923.360691947, 0.275000000]: 0.275000	0.020000	-35.488233	155.864732	181.924202
[ WARN] [1506301923.365845034, 0.276000000]: 0.276000	0.020000	-25.694262	119.293475	185.226750
[ WARN] [1506301923.371457964, 0.277000000]: 0.277000	0.020000	-18.628216	126.199421	191.046610
[ WARN] [1506301923.375253323, 0.278000000]: 0.278000	0.020000	-44.302582	132.729819	177.415781
[ WARN] [1506301923.377751856, 0.279000000]: 0.279000	0.020000	-37.632457	139.925469	183.354620
[ WARN] [1506301923.380949483, 0.280000000]: 0.280000	0.020000	-30.597230	147.027762	189.357226
[ WARN] [1506301923.383636882, 0.281000000]: 0.281000	0.020000	-23.539630	153.993646	195.666350
[ WARN] [1506301923.386672463, 0.282000000]: 0.282000	0.020000	-37.706780	159.592115	203.276528
[ WARN] [1506301923.389668438, 0.283000000]: 0.283000	-0.020000	-31.466529	167.038104	194.294797
[ WARN] [1506301923.391843829, 0.284000000]: 0.284000	-0.020000	-38.637251	159.449274	186.188215
[ WARN] [1506301923.394063754, 0.285000000]: 0.285000	-0.020000	-58.995708	151.288517	179.425713
[ WARN] [1506301923.397821540, 0.286000000]: 0.286000	-0.020000	-67.532764	143.562811	172.625167
[ WARN] [1506301923.405172982, 0.287000000]: 0.287000	-0.020000	-74.681897	136.701555	165.173562
[ WARN] [1506301923.410416224, 0.288000000]: 0.288000	-0.020000	-74.528232	129.380265	158.250632
[ WARN] [1506301923.412816415, 0.289000000]: 0.289000	-0.020000	-81.352088	122.605608	150.819569
[ WARN] [1506301923.415749966, 0.290000000]: 0.290000	-0.020000	-88.203029	114.057643	143.324672
[ WARN] [1506301923.419444969, 0.291000000]: 0.291000	-0.020000	-94.604153	101.129497	135.621290
[ WARN] [1506301923.422540934, 0.292000000]: 0.292000	-0.020000	-101.363375	92.955009	128.581202
[ WARN] [1506301923.425378912, 0.293000000]: 0.293000	-0.020000	-94.091573	79.604594	121.872104
[ WARN] [1506301923.428939294, 0.294000000]: 0.294000	-0.020000	-100.510858	71.756666	114.770115
[ WARN] [1506301923.431581704, 0.295000000]: 0.295000	-0.020000	-107.780021	65.470645	101.038995
[ WARN] [1506301923.437202832, 0.296000000]: 0.296000	-0.020000	-115.056615	59.261219	88.808431
[ WARN] [1506301923.444052184, 0.297000000]: 0.297000	-0.020000	-122.108356	52.872403	78.698214
[ WARN] [1506301923.447222228, 0.298000000]: 0.298000	-0.020000	-112.844079	45.446307	72.594957
[ WARN] [1506301923.450195334, 0.299000000]: 0.299000	-0.020000	-113.371126	38.439775	66.052847
[ WARN] [1506301923.452798726, 0.300000000]: 0.300000	-0.020000	-98.340225	7.981617	54.551984
[ WARN] [1506301923.456533181, 0.301000000]: 0.301000	-0.020000	-104.175256	-11.787656	46.906179
[ WARN] [1506301923.459514478, 0.302000000]: 0.302000	-0.020000	-112.462909	-17.526718	24.984795
[ WARN] [1506301923.462892323, 0.303000000]: 0.303000	-0.020000	-102.601484	-25.100363	15.619679
[ WARN] [1506301923.465279477, 0.304000000]: 0.304000	-0.020000	-109.488112	-32.052726	8.608052
[ WARN] [1506301923.469179028, 0.305000000]: 0.305000	-0.020000	-116.524519	-39.009110	1.649428
[ WARN] [1506301923.474811467, 0.306000000]: 0.306000	-0.020000	-123.466759	-45.973170	-5.346614
[ WARN] [1506301923.480788243, 0.307000000]: 0.307000	-0.020000	-129.473967	-48.626525	-13.210048
[ WARN] [1506301923.484521036, 0.308000000]: 0.308000	-0.020000	-110.518698	-56.877199	-27.448565
[ WARN] [1506301923.487014248, 0.309000000]: 0.309000	-0.020000	-117.342646	-63.865601	-34.494933
[ WARN] [1506301923.489986573, 0.310000000]: 0.310000	-0.020000	-123.432614	-67.305049	-46.891072
[ WARN] [1506301923.492617230, 0.311000000]: 0.311000	-0.020000	-130.307242	-74.235693	-54.059939
[ WARN] [1506301923.496298171, 0.312000000]: 0.312000	-0.020000	-138.029689	-80.232050	-53.534608
[ WARN] [1506301923.498891843, 0.313000000]: 0.313000	-0.020000	-144.684515	-87.115621	-60.337620
[ WARN] [1506301923.501024948, 0.314000000]: 0.314000	-0.020000	-114.759909	-96.234302	-65.110778
[ WARN] [1506301923.504410950, 0.315000000]: 0.315000	-0.020000	-120.050490	-86.389515	-73.758889
[ WARN] [1506301923.510074896, 0.316000000]: 0.316000	-0.020000	-127.343341	-92.341747	-75.020955
[ WARN] [1506301923.515813797, 0.317000000]: 0.317000	-0.020000	-134.212203	-99.254642	-81.879183
[ WARN] [1506301923.518437355, 0.318000000]: 0.318000	-0.020000	-140.964237	-106.104496	-88.753734
[ WARN] [1506301923.521778715, 0.319000000]: 0.319000	-0.020000	-149.366705	-111.097729	-76.101924
[ WARN] [1506301923.524649131, 0.320000000]: 0.320000	-0.020000	-155.888047	-117.710674	-82.655912
[ WARN] [1506301923.526861434, 0.321000000]: 0.321000	-0.020000	-162.267736	-124.278456	-89.617198
[ WARN] [1506301923.529966723, 0.322000000]: 0.322000	-0.020000	-161.115028	-131.349050	-95.945017
[ WARN] [1506301923.532538547, 0.323000000]: 0.323000	-0.020000	-167.430823	-137.753405	-102.784772
[ WARN] [1506301923.534991412, 0.324000000]: 0.324000	-0.020000	-173.676427	-144.070110	-109.575674
[ WARN] [1506301923.537577746, 0.325000000]: 0.325000	-0.020000	-127.978656	-153.412390	-113.176891
[ WARN] [1506301923.542168206, 0.326000000]: 0.326000	-0.020000	-133.014204	-131.174478	-121.960226
[ WARN] [1506301923.549143989, 0.327000000]: 0.327000	-0.020000	-140.059298	-137.931169	-128.401218
[ WARN] [1506301923.553319047, 0.328000000]: 0.328000	-0.020000	-146.961789	-144.594344	-134.786634
[ WARN] [1506301923.557166118, 0.329000000]: 0.329000	-0.020000	-153.715704	-151.154165	-141.118171
[ WARN] [1506301923.559578831, 0.330000000]: 0.330000	-0.020000	-161.528893	-156.367486	-122.865520
[ WARN] [1506301923.561828888, 0.331000000]: 0.331000	-0.020000	-167.998159	-162.610145	-129.793780
[ WARN] [1506301923.564624693, 0.332000000]: 0.332000	-0.020000	-174.318272	-168.764495	-136.492461
[ WARN] [1506301923.566992134, 0.333000000]: 0.333000	-0.020000	-180.497298	-174.809367	-143.121222
[ WARN] [1506301923.569512884, 0.334000000]: 0.334000	-0.020000	-187.189074	-180.074094	-140.834977
[ WARN] [1506301923.571916276, 0.335000000]: 0.335000	-0.020000	-194.198835	-184.717873	-132.693966
[ WARN] [1506301923.573929973, 0.336000000]: 0.336000	-0.020000	-199.949163	-190.337870	-139.674363
[ WARN] [1506301923.579509421, 0.337000000]: 0.337000	-0.020000	-202.342042	-159.405045	-149.713738
[ WARN] [1506301923.583433916, 0.338000000]: 0.338000	-0.020000	-207.636653	-166.276266	-156.487956
[ WARN] [1506301923.587809605, 0.339000000]: 0.339000	-0.020000	-212.812869	-172.861640	-163.161334
[ WARN] [1506301923.590569729, 0.340000000]: 0.340000	-0.020000	-152.796113	-183.239249	-165.609176
[ WARN] [1506301923.593521076, 0.341000000]: 0.341000	-0.020000	-159.438219	-189.415056	-171.851649
[ WARN] [1506301923.595418528, 0.342000000]: 0.342000	-0.020000	-166.523168	-195.452424	-177.988258
[ WARN] [1506301923.598047842, 0.343000000]: 0.343000	-0.020000	-176.074022	-198.525796	-140.787112
[ WARN] [1506301923.600146246, 0.344000000]: 0.344000	-0.020000	-182.663585	-204.027970	-148.178493
[ WARN] [1506301923.602672613, 0.345000000]: 0.345000	-0.020000	-188.997998	-209.381730	-155.259176
[ WARN] [1506301923.605665878, 0.346000000]: 0.346000	-0.020000	-195.101104	-214.571102	-162.177806
[ WARN] [1506301923.608328644, 0.347000000]: 0.347000	-0.020000	-200.306468	-207.644429	-169.572907
[ WARN] [1506301923.611836224, 0.348000000]: 0.348000	-0.020000	-205.924960	-212.916390	-176.167187
[ WARN] [1506301923.616521757, 0.349000000]: 0.349000	-0.020000	-211.371493	-218.127071	-182.563416
[ WARN] [1506301923.622924234, 0.350000000]: 0.350000	-0.020000	-214.210154	-169.427856	-191.109602
[ WARN] [1506301923.626909896, 0.351000000]: 0.351000	-0.020000	-219.115763	-176.395140	-197.154287
[ WARN] [1506301923.629199967, 0.352000000]: 0.352000	-0.020000	-223.865263	-183.041991	-202.997253
[ WARN] [1506301923.632237354, 0.353000000]: 0.353000	-0.020000	-228.460697	-189.407808	-208.638628
[ WARN] [1506301923.635776123, 0.354000000]: 0.354000	-0.020000	-232.902976	-195.503558	-214.077269
[ WARN] [1506301923.638991861, 0.355000000]: 0.355000	-0.020000	-237.191846	-201.344992	-219.313123
[ WARN] [1506301923.641839957, 0.356000000]: 0.356000	-0.020000	-212.113708	-209.325719	-221.886665
[ WARN] [1506301923.645077176, 0.357000000]: 0.357000	-0.020000	-217.634607	-214.691832	-226.556149
[ WARN] [1506301923.648064275, 0.358000000]: 0.358000	-0.020000	-222.950803	-219.825425	-231.076811
[ WARN] [1506301923.653222217, 0.359000000]: 0.359000	-0.020000	-228.012558	-224.769066	-235.418063
[ WARN] [1506301923.659652307, 0.360000000]: 0.360000	-0.020000	-232.829377	-229.537462	-239.588273
[ WARN] [1506301923.663689959, 0.361000000]: 0.361000	-0.020000	-237.414326	-234.142857	-243.597498
[ WARN] [1506301923.666522505, 0.362000000]: 0.362000	-0.020000	-241.781918	-238.594967	-247.456973
[ WARN] [1506301923.669062632, 0.363000000]: 0.363000	0.020000	-248.898700	-239.763716	-201.826785
[ WARN] [1506301923.671638205, 0.364000000]: 0.364000	0.020000	-238.663752	-229.479681	-193.705976
[ WARN] [1506301923.674629761, 0.365000000]: 0.365000	0.020000	-229.047522	-219.893649	-186.078661
[ WARN] [1506301923.677073443, 0.366000000]: 0.366000	0.020000	-188.339815	-212.288851	-177.161430
[ WARN] [1506301923.680170464, 0.367000000]: 0.367000	0.020000	-180.345415	-203.661375	-169.819334
[ WARN] [1506301923.683062672, 0.368000000]: 0.368000	0.020000	-172.823421	-191.748763	-162.895937
[ WARN] [1506301923.688401281, 0.369000000]: 0.369000	0.020000	-161.072178	-160.364805	-160.368368
[ WARN] [1506301923.695941621, 0.370000000]: 0.370000	0.020000	-153.709160	-152.832188	-153.356038
[ WARN] [1506301923.699835538, 0.371000000]: 0.371000	0.020000	-146.501523	-146.293381	-146.353833
[ WARN] [1506301923.703068056, 0.372000000]: 0.372000	0.020000	-129.934814	-140.347409	-138.812315
[ WARN] [1506301923.705306085, 0.373000000]: 0.373000	0.020000	-123.110561	-133.823418	-131.900178
[ WARN] [1506301923.708050999, 0.374000000]: 0.374000	0.020000	-116.295004	-127.300457	-125.042366
[ WARN] [1506301923.709821387, 0.375000000]: 0.375000	0.020000	-109.492997	-120.776988	-118.227547
[ WARN] [1506301923.712050785, 0.376000000]: 0.376000	0.020000	-102.703474	-114.251766	-111.445973
[ WARN] [1506301923.714438217, 0.377000000]: 0.377000	0.020000	-82.300038	-109.454320	-102.941313
[ WARN] [1506301923.717016008, 0.378000000]: 0.378000	0.020000	-75.205943	-102.922263	-96.059757
[ WARN] [1506301923.719984949, 0.379000000]: 0.379000	0.020000	-68.666391	-96.339783	-89.244989
[ WARN] [1506301923.723290268, 0.380000000]: 0.380000	0.020000	-62.102302	-89.742375	-82.438404
[ WARN] [1506301923.728893292, 0.381000000]: 0.381000	0.020000	-55.516498	-83.127305	-75.634152
[ WARN] [1506301923.735525726, 0.382000000]: 0.382000	0.020000	-48.911237	-76.491884	-68.827300
[ WARN] [1506301923.738476518, 0.383000000]: 0.383000	0.020000	-48.699393	-63.505433	-104.723814
[ WARN] [1506301923.741364259, 0.384000000]: 0.384000	0.020000	-72.202672	-59.562572	-97.109428
[ WARN] [1506301923.743968438, 0.385000000]: 0.385000	0.020000	-65.386869	-52.641595	-90.092702
[ WARN] [1506301923.748030149, 0.386000000]: 0.386000	0.020000	-58.437199	-45.687185	-83.178516
[ WARN] [1506301923.750804919, 0.387000000]: 0.387000	0.020000	-51.492543	-38.719560	-76.327789
[ WARN] [1506301923.753849629, 0.388000000]: 0.388000	0.020000	-44.547643	-31.738403	-69.525581
[ WARN] [1506301923.756398072, 0.389000000]: 0.389000	0.020000	-37.597991	-24.743920	-62.758686
[ WARN] [1506301923.761776250, 0.390000000]: 0.390000	0.020000	-30.639953	-17.736809	-56.015819
[ WARN] [1506301923.766054609, 0.391000000]: 0.391000	0.020000	-23.670823	-10.718233	-49.287615
[ WARN] [1506301923.771408641, 0.392000000]: 0.392000	0.020000	-16.688806	-3.689791	-42.566521
[ WARN] [1506301923.775668472, 0.393000000]: 0.393000	0.020000	-5.372863	-55.630725	-40.207732
[ WARN] [1506301923.777560365, 0.394000000]: 0.394000	0.020000	1.711772	-48.582167	-33.285468
[ WARN] [1506301923.779555968, 0.395000000]: 0.395000	0.020000	8.730089	-41.660770	-26.292894
[ WARN] [1506301923.782407641, 0.396000000]: 0.396000	0.020000	15.747546	-34.761771	-19.288500
[ WARN] [1506301923.785689871, 0.397000000]: 0.397000	0.020000	22.762264	-27.876915	-12.270738
[ WARN] [1506301923.789164641, 0.398000000]: 0.398000	0.020000	29.771887	-21.000633	-5.239600
[ WARN] [1506301923.792580667, 0.399000000]: 0.399000	0.020000	36.773701	-14.128467	1.804039
[ WARN] [1506301923.799310961, 0.399000000]: 0.400000	0.020000	43.764702	-7.257076	8.858557
[ WARN] [1506301923.803788148, 0.401000000]: 0.401000	0.020000	50.741655	-0.384192	15.921689
[ WARN] [1506301923.811724891, 0.402000000]: 0.402000	0.020000	37.308081	5.216543	24.262662
[ WARN] [1506301923.815399701, 0.403000000]: 0.403000	-0.020000	40.067388	-4.599168	30.569220
[ WARN] [1506301923.820465873, 0.404000000]: 0.404000	-0.020000	33.296819	-19.979306	23.017369
[ WARN] [1506301923.824755087, 0.405000000]: 0.405000	-0.020000	15.850146	-34.834628	16.281413
[ WARN] [1506301923.829266918, 0.406000000]: 0.406000	-0.020000	8.604843	-42.987358	9.251365
[ WARN] [1506301923.833147567, 0.407000000]: 0.407000	-0.020000	1.952341	-59.263529	1.754714
[ WARN] [1506301923.838504501, 0.408000000]: 0.408000	-0.020000	-9.357117	-61.599586	-63.413333
[ WARN] [1506301923.843783930, 0.409000000]: 0.409000	-0.020000	-28.649228	-69.805038	-71.814232
[ WARN] [1506301923.849503703, 0.410000000]: 0.410000	-0.020000	-36.507733	-76.045691	-89.508282
[ WARN] [1506301923.853857635, 0.411000000]: 0.411000	-0.020000	-41.486532	-79.650713	-98.450225
[ WARN] [1506301923.858048290, 0.412000000]: 0.412000	-0.020000	-60.114736	-87.325247	-98.766008
[ WARN] [1506301923.862068681, 0.413000000]: 0.413000	-0.020000	-67.108425	-94.254797	-105.304208
[ WARN] [1506301923.866606277, 0.414000000]: 0.414000	-0.020000	-74.042445	-101.147003	-111.967201
[ WARN] [1506301923.870514063, 0.414000000]: 0.415000	-0.020000	-85.541722	-108.446356	-118.135185
[ WARN] [1506301923.875099472, 0.415000000]: 0.416000	-0.020000	-92.473731	-115.227834	-124.689535
[ WARN] [1506301923.880190068, 0.417000000]: 0.417000	-0.020000	-100.759831	-122.292115	-130.850730
[ WARN] [1506301923.886873477, 0.418000000]: 0.418000	-0.020000	-107.638196	-128.948618	-137.275111
[ WARN] [1506301923.891078467, 0.419000000]: 0.419000	-0.020000	-114.157971	-130.909354	-143.897835
[ WARN] [1506301923.894333375, 0.420000000]: 0.420000	-0.020000	-119.273301	-109.166549	-151.763946
[ WARN] [1506301923.897708508, 0.421000000]: 0.421000	-0.020000	-126.543744	-115.503757	-141.719353
[ WARN] [1506301923.901646589, 0.422000000]: 0.422000	-0.020000	-103.911632	-124.256198	-141.692394
[ WARN] [1506301923.905926632, 0.422000000]: 0.423000	-0.020000	-111.480384	-130.500831	-134.625410
[ WARN] [1506301923.911602119, 0.424000000]: 0.424000	-0.020000	-118.435139	-137.240235	-141.018524
[ WARN] [1506301923.916382674, 0.425000000]: 0.425000	-0.020000	-125.309194	-143.888735	-147.515422
[ WARN] [1506301923.921322309, 0.426000000]: 0.426000	-0.020000	-132.098805	-150.440244	-153.902590
[ WARN] [1506301923.926763696, 0.427000000]: 0.427000	-0.020000	-138.798417	-156.891752	-160.178639
[ WARN] [1506301923.930565467, 0.428000000]: 0.428000	-0.020000	-147.288425	-161.295739	-137.647069
[ WARN] [1506301923.934462749, 0.429000000]: 0.429000	-0.020000	-153.127877	-160.013949	-145.118180
[ WARN] [1506301923.939082479, 0.430000000]: 0.430000	-0.020000	-159.471384	-166.390151	-151.837332
[ WARN] [1506301923.943512687, 0.430000000]: 0.431000	-0.020000	-165.716934	-172.509189	-158.423240
[ WARN] [1506301923.947063276, 0.432000000]: 0.432000	-0.020000	-171.567637	-175.789394	-165.154218
[ WARN] [1506301923.952094735, 0.432000000]: 0.433000	-0.020000	-175.993215	-156.079851	-173.016199
[ WARN] [1506301923.956777455, 0.434000000]: 0.434000	-0.020000	-181.753384	-162.560092	-179.223779
[ WARN] [1506301923.962392106, 0.435000000]: 0.435000	-0.020000	-187.418587	-169.160966	-185.279440
[ WARN] [1506301923.966554676, 0.436000000]: 0.436000	-0.020000	-192.963364	-175.596462	-191.207890
[ WARN] [1506301923.971656399, 0.437000000]: 0.437000	-0.020000	-154.527955	-186.692717	-192.070946
[ WARN] [1506301923.975721573, 0.438000000]: 0.438000	-0.020000	-164.223384	-188.132580	-141.670255
[ WARN] [1506301923.980323581, 0.439000000]: 0.439000	-0.020000	-171.001786	-193.686902	-149.012508
[ WARN] [1506301923.983653344, 0.440000000]: 0.440000	-0.020000	-176.383543	-176.019173	-157.201081
[ WARN] [1506301923.987670026, 0.441000000]: 0.441000	-0.020000	-180.342596	-146.378265	-166.318658
[ WARN] [1506301923.992398310, 0.442000000]: 0.442000	-0.020000	-186.238562	-153.161149	-172.994074
[ WARN] [1506301923.998418607, 0.443000000]: 0.443000	0.020000	-191.997093	-159.895207	-179.440674
[ WARN] [1506301924.002071464, 0.444000000]: 0.444000	0.020000	-183.399817	-152.233913	-171.504601
[ WARN] [1506301924.006065403, 0.445000000]: 0.445000	0.020000	-175.163546	-144.747224	-163.835276
[ WARN] [1506301924.011703892, 0.446000000]: 0.446000	0.020000	-167.228709	-137.405322	-156.383578
[ WARN] [1506301924.015129887, 0.446000000]: 0.447000	0.020000	-159.541466	-130.182433	-149.105723
[ WARN] [1506301924.020525041, 0.448000000]: 0.448000	0.020000	-152.054993	-123.056638	-141.963976
[ WARN] [1506301924.026157218, 0.449000000]: 0.449000	0.020000	-144.729626	-116.009475	-134.926608
[ WARN] [1506301924.031452640, 0.450000000]: 0.450000	0.020000	-137.532344	-109.025470	-127.967411
[ WARN] [1506301924.036617688, 0.451000000]: 0.451000	0.020000	-130.435952	-102.091660	-121.065028
[ WARN] [1506301924.039884768, 0.452000000]: 0.452000	0.020000	-123.418175	-95.197166	-114.202215
[ WARN] [1506301924.042983212, 0.453000000]: 0.453000	0.020000	-116.460789	-88.332820	-107.365143
[ WARN] [1506301924.045759575, 0.454000000]: 0.454000	0.020000	-109.548867	-81.490867	-100.542760
[ WARN] [1506301924.049056343, 0.455000000]: 0.455000	0.020000	-102.670142	-74.664727	-93.726262
[ WARN] [1506301924.053952521, 0.456000000]: 0.456000	0.020000	-95.814501	-67.848822	-86.908642
[ WARN] [1506301924.059348080, 0.457000000]: 0.457000	0.020000	-88.973585	-61.038434	-80.084343
[ WARN] [1506301924.063501275, 0.458000000]: 0.458000	0.020000	-82.140481	-54.229613	-73.248974
[ WARN] [1506301924.068566001, 0.459000000]: 0.459000	0.020000	-75.309488	-47.419103	-66.399106
[ WARN] [1506301924.074688824, 0.460000000]: 0.460000	0.020000	-68.475935	-40.604289	-59.532114
[ WARN] [1506301924.078479480, 0.461000000]: 0.461000	0.020000	-61.636046	-33.783158	-52.646057
[ WARN] [1506301924.082098764, 0.462000000]: 0.462000	0.020000	-54.786837	-26.954264	-45.739603
[ WARN] [1506301924.085603292, 0.463000000]: 0.463000	0.020000	-47.926037	-20.116701	-38.811969
[ WARN] [1506301924.089542163, 0.464000000]: 0.464000	0.020000	-41.052027	-13.270072	-31.862879
[ WARN] [1506301924.095652625, 0.465000000]: 0.465000	0.020000	-34.163794	-6.414467	-24.892539
[ WARN] [1506301924.099869536, 0.466000000]: 0.466000	0.020000	-54.962568	-1.155296	-16.316806
[ WARN] [1506301924.105560044, 0.467000000]: 0.467000	0.020000	-48.266787	5.816488	-9.297615
[ WARN] [1506301924.111634726, 0.468000000]: 0.468000	0.020000	-73.343845	10.002299	0.510354
[ WARN] [1506301924.115785626, 0.469000000]: 0.469000	0.020000	-67.568262	17.112765	7.604700
[ WARN] [1506301924.119208879, 0.470000000]: 0.470000	0.020000	-60.604928	24.286739	14.635121
[ WARN] [1506301924.123270516, 0.471000000]: 0.471000	0.020000	-57.092512	34.860733	-16.035121
[ WARN] [1506301924.126945379, 0.472000000]: 0.472000	0.020000	-76.436347	40.971837	-13.117213
[ WARN] [1506301924.134171717, 0.472000000]: 0.473000	0.020000	-69.570196	48.234739	-6.313134
[ WARN] [1506301924.139652258, 0.474000000]: 0.474000	0.020000	-62.460983	55.507832	0.513433
[ WARN] [1506301924.144282422, 0.475000000]: 0.475000	0.020000	-53.335705	4.995307	-13.616456
[ WARN] [1506301924.149487472, 0.476000000]: 0.476000	0.020000	-58.017740	11.370914	-6.017689
[ WARN] [1506301924.153139908, 0.477000000]: 0.477000	0.020000	-52.439062	18.477129	1.052798
[ WARN] [1506301924.157394559, 0.478000000]: 0.478000	0.020000	-56.848424	8.807184	8.282002
[ WARN] [1506301924.161464157, 0.479000000]: 0.479000	0.020000	-50.515216	11.233914	4.661225
[ WARN] [1506301924.166461405, 0.480000000]: 0.480000	0.020000	-43.272397	15.298602	11.427079
[ WARN] [1506301924.172139957, 0.481000000]: 0.481000	0.020000	-36.200617	22.489302	18.409290
[ WARN] [1506301924.177425510, 0.482000000]: 0.482000	0.020000	-28.799140	23.749905	25.046461
[ WARN] [1506301924.183070471, 0.483000000]: 0.483000	0.020000	-38.866863	29.850913	26.429415
[ WARN] [1506301924.187490813, 0.484000000]: 0.484000	0.020000	-31.836350	25.630977	27.736431
[ WARN] [1506301924.192934704, 0.485000000]: 0.485000	0.020000	-24.778293	32.892573	34.657282
[ WARN] [1506301924.197262953, 0.486000000]: 0.486000	0.020000	-17.732018	40.108445	41.609722
[ WARN] [1506301924.203386179, 0.487000000]: 0.487000	0.020000	-9.690948	31.213192	47.552885
[ WARN] [1506301924.208842726, 0.488000000]: 0.488000	0.020000	-19.529393	39.409113	20.812320
[ WARN] [1506301924.214906093, 0.489000000]: 0.489000	0.020000	-12.551151	46.609648	27.528630
[ WARN] [1506301924.220542186, 0.490000000]: 0.490000	0.020000	-12.590153	38.323913	34.232168
[ WARN] [1506301924.224766892, 0.491000000]: 0.491000	0.020000	-5.556358	45.419323	41.232543
[ WARN] [1506301924.229588770, 0.492000000]: 0.492000	0.020000	-3.112658	52.195358	48.592514
[ WARN] [1506301924.233376687, 0.493000000]: 0.493000	0.020000	3.940622	59.356409	55.543528
[ WARN] [1506301924.241068756, 0.494000000]: 0.494000	0.020000	11.015985	66.496947	62.468533
[ WARN] [1506301924.245567769, 0.495000000]: 0.495000	0.020000	7.713488	58.840965	69.387040
[ WARN] [1506301924.249869553, 0.496000000]: 0.496000	0.020000	14.712464	65.993707	76.306095
[ WARN] [1506301924.254501606, 0.497000000]: 0.497000	0.020000	21.755630	73.116363	83.189216
[ WARN] [1506301924.259038959, 0.498000000]: 0.498000	0.020000	28.796187	80.209650	90.035358
[ WARN] [1506301924.263010649, 0.499000000]: 0.499000	0.020000	20.551940	86.129226	97.993957
[ WARN] [1506301924.266896368, 0.500000000]: 0.500000	0.020000	26.324620	94.147406	85.633466
[ WARN] [1506301924.270632540, 0.501000000]: 0.501000	0.020000	33.822390	96.604102	91.760212
[ WARN] [1506301924.279049595, 0.502000000]: 0.502000	0.020000	40.629081	100.247262	88.132342
[ WARN] [1506301924.285045065, 0.503000000]: 0.503000	0.020000	47.893575	104.951429	94.673015
[ WARN] [1506301924.290712136, 0.504000000]: 0.504000	0.020000	32.943927	109.624062	102.980523
[ WARN] [1506301924.295358547, 0.505000000]: 0.505000	0.020000	39.929505	116.515741	109.827095
[ WARN] [1506301924.299297846, 0.506000000]: 0.506000	0.020000	46.806109	123.512459	113.840362
[ WARN] [1506301924.303649338, 0.507000000]: 0.507000	0.020000	53.931081	128.414753	119.304905
[ WARN] [1506301924.307674262, 0.508000000]: 0.508000	0.020000	53.162243	128.650764	126.023960
[ WARN] [1506301924.311649811, 0.509000000]: 0.509000	0.020000	54.365563	135.237580	132.983097
[ WARN] [1506301924.316741542, 0.510000000]: 0.510000	0.020000	58.167530	139.513660	120.051611
[ WARN] [1506301924.321929171, 0.511000000]: 0.511000	0.020000	57.081160	145.894882	127.159581
[ WARN] [1506301924.328585005, 0.512000000]: 0.512000	0.020000	57.738715	152.170082	134.193498
[ WARN] [1506301924.332023023, 0.513000000]: 0.513000	0.020000	50.117635	148.215471	140.839566
[ WARN] [1506301924.334341478, 0.514000000]: 0.514000	0.020000	57.011951	154.748629	147.522752
[ WARN] [1506301924.336664109, 0.515000000]: 0.515000	0.020000	64.096980	161.236622	154.203148
[ WARN] [1506301924.339054771, 0.516000000]: 0.516000	0.020000	63.829468	167.995497	156.206282
[ WARN] [1506301924.341475357, 0.517000000]: 0.517000	0.020000	58.143220	173.952139	158.777192
[ WARN] [1506301924.344071354, 0.518000000]: 0.518000	0.020000	65.590639	171.670263	164.604025
[ WARN] [1506301924.346944187, 0.519000000]: 0.519000	0.020000	72.816743	175.522542	170.866672
[ WARN] [1506301924.349596192, 0.520000000]: 0.520000	0.020000	50.458432	180.061045	178.166119
[ WARN] [1506301924.353789878, 0.521000000]: 0.521000	0.020000	52.305686	186.513104	180.517022
[ WARN] [1506301924.359853017, 0.522000000]: 0.522000	0.020000	59.335932	193.169628	186.672069
[ WARN] [1506301924.363304520, 0.523000000]: 0.523000	-0.020000	66.426692	199.333247	192.367586
[ WARN] [1506301924.365946044, 0.524000000]: 0.524000	-0.020000	61.099081	163.785099	182.464955
[ WARN] [1506301924.369689615, 0.525000000]: 0.525000	-0.020000	53.730706	156.488133	170.967278
[ WARN] [1506301924.372334968, 0.526000000]: 0.526000	-0.020000	46.672578	149.250066	163.390157
[ WARN] [1506301924.374905808, 0.527000000]: 0.527000	-0.020000	39.575459	142.043706	155.262569
[ WARN] [1506301924.377530044, 0.528000000]: 0.528000	-0.020000	31.250120	136.236395	133.157584
[ WARN] [1506301924.380493333, 0.529000000]: 0.529000	-0.020000	24.251575	129.252107	126.106706
[ WARN] [1506301924.383444981, 0.530000000]: 0.530000	-0.020000	6.084966	119.504554	117.660866
[ WARN] [1506301924.387081977, 0.531000000]: 0.531000	-0.020000	-1.828749	110.389925	99.642861
[ WARN] [1506301924.391574112, 0.532000000]: 0.532000	-0.020000	-17.869265	99.645595	93.691609
[ WARN] [1506301924.397732947, 0.533000000]: 0.533000	-0.020000	-24.806530	82.724290	86.383410
[ WARN] [1506301924.400455921, 0.534000000]: 0.534000	-0.020000	-27.180297	63.796914	79.364054
[ WARN] [1506301924.403813629, 0.535000000]: 0.535000	-0.020000	-34.260419	57.203568	72.538815
[ WARN] [1506301924.406337649, 0.536000000]: 0.536000	-0.020000	-32.878314	48.019549	66.326897
[ WARN] [1506301924.408995630, 0.537000000]: 0.537000	-0.020000	-40.472496	27.120564	40.573471
[ WARN] [1506301924.411463221, 0.538000000]: 0.538000	-0.020000	-40.501580	19.702825	34.045390
[ WARN] [1506301924.414421522, 0.539000000]: 0.539000	-0.020000	-47.579917	12.957399	27.148800
[ WARN] [1506301924.416877406, 0.540000000]: 0.540000	-0.020000	-49.762854	-10.338813	5.520690
[ WARN] [1506301924.419172500, 0.541000000]: 0.541000	-0.020000	-49.314609	-24.323179	-1.579399
[ WARN] [1506301924.422128794, 0.542000000]: 0.542000	-0.020000	-56.195623	-30.097069	-8.722907
[ WARN] [1506301924.426997859, 0.543000000]: 0.543000	-0.020000	-60.009003	-35.662596	-28.386355
[ WARN] [1506301924.432020404, 0.544000000]: 0.544000	-0.020000	-66.195086	-37.511677	-35.745586
[ WARN] [1506301924.434916305, 0.545000000]: 0.545000	-0.020000	-64.301706	-41.097093	-41.293803
[ WARN] [1506301924.438322334, 0.546000000]: 0.546000	-0.020000	-71.565692	-47.842375	-44.534221
[ WARN] [1506301924.440838680, 0.547000000]: 0.547000	-0.020000	-73.930750	-46.094797	-48.129818
[ WARN] [1506301924.443139307, 0.548000000]: 0.548000	-0.020000	-81.000745	-53.029488	-54.083893
[ WARN] [1506301924.445170167, 0.549000000]: 0.549000	-0.020000	-72.010153	-56.268621	-53.798899
[ WARN] [1506301924.447455840, 0.550000000]: 0.550000	-0.020000	-78.927660	-60.956305	-60.839740
[ WARN] [1506301924.450179262, 0.551000000]: 0.551000	-0.020000	-85.329898	-56.682839	-68.567452
[ WARN] [1506301924.453003473, 0.552000000]: 0.552000	-0.020000	-92.413214	-63.633135	-74.367652
[ WARN] [1506301924.455446296, 0.553000000]: 0.553000	-0.020000	-99.822980	-70.212265	-74.727825
[ WARN] [1506301924.460958246, 0.554000000]: 0.554000	-0.020000	-107.123244	-76.822340	-76.096782
[ WARN] [1506301924.467427818, 0.555000000]: 0.555000	-0.020000	-103.754086	-72.297555	-83.148640
[ WARN] [1506301924.471575503, 0.556000000]: 0.556000	-0.020000	-110.608291	-79.318990	-90.181697
[ WARN] [1506301924.474176594, 0.557000000]: 0.557000	-0.020000	-106.191418	-77.762423	-86.633598
[ WARN] [1506301924.477581769, 0.558000000]: 0.558000	-0.020000	-113.065942	-84.681674	-93.437252
[ WARN] [1506301924.481292409, 0.559000000]: 0.559000	-0.020000	-120.293636	-91.267841	-94.529814
[ WARN] [1506301924.485391837, 0.560000000]: 0.560000	-0.020000	-123.918657	-84.748519	-102.471726
[ WARN] [1506301924.489513612, 0.561000000]: 0.561000	-0.020000	-131.277367	-91.050630	-94.328563
[ WARN] [1506301924.493325755, 0.562000000]: 0.562000	-0.020000	-112.007614	-99.540606	-99.132968
[ WARN] [1506301924.497773328, 0.563000000]: 0.563000	0.020000	-119.785000	-105.753206	-91.682126
[ WARN] [1506301924.502605196, 0.564000000]: 0.564000	0.020000	-112.507103	-98.370526	-84.506826
[ WARN] [1506301924.507414863, 0.565000000]: 0.565000	0.020000	-105.332972	-91.099645	-77.451962
[ WARN] [1506301924.511259920, 0.566000000]: 0.566000	0.020000	-98.241685	-83.917674	-70.446245
[ WARN] [1506301924.514758015, 0.567000000]: 0.567000	0.020000	-91.212891	-76.805306	-63.475623
[ WARN] [1506301924.518635455, 0.568000000]: 0.568000	0.020000	-84.229035	-69.745388	-56.528258
[ WARN] [1506301924.521859568, 0.569000000]: 0.569000	0.020000	-77.118702	-59.676049	-49.750514
[ WARN] [1506301924.525224214, 0.570000000]: 0.570000	0.020000	-69.343264	-42.373956	-43.655911
[ WARN] [1506301924.528553948, 0.571000000]: 0.571000	0.020000	-62.367975	-35.022549	-36.743365
[ WARN] [1506301924.533380759, 0.572000000]: 0.572000	0.020000	-55.412068	-28.097971	-29.809970
[ WARN] [1506301924.537339578, 0.573000000]: 0.573000	0.020000	-48.450975	-21.158767	-22.868141
[ WARN] [1506301924.542603641, 0.574000000]: 0.574000	0.020000	-41.480027	-14.203798	-15.915915
[ WARN] [1506301924.546566197, 0.575000000]: 0.575000	0.020000	-34.495869	-7.232857	-8.952355
[ WARN] [1506301924.550028902, 0.576000000]: 0.576000	0.020000	-26.597339	-13.441075	-2.876556
[ WARN] [1506301924.553833729, 0.577000000]: 0.577000	0.020000	-21.409639	-9.749899	-24.906617
[ WARN] [1506301924.557531162, 0.578000000]: 0.578000	0.020000	-32.331088	-5.295684	-15.543811
[ WARN] [1506301924.561033310, 0.579000000]: 0.579000	0.020000	-33.114297	-9.393953	-8.643486
[ WARN] [1506301924.564945108, 0.580000000]: 0.580000	0.020000	-26.805108	-9.815738	-9.199497
[ WARN] [1506301924.568660207, 0.581000000]: 0.581000	0.020000	-19.918502	-6.292773	-6.103986
[ WARN] [1506301924.572290704, 0.582000000]: 0.582000	0.020000	-12.685764	-1.818390	0.792367
[ WARN] [1506301924.574949432, 0.583000000]: 0.583000	0.020000	-5.896793	3.004561	2.387231
[ WARN] [1506301924.578370886, 0.584000000]: 0.584000	0.020000	1.364233	7.242283	9.268724
[ WARN] [1506301924.582301425, 0.585000000]: 0.585000	0.020000	8.603482	11.878111	16.196037
[ WARN] [1506301924.586115916, 0.586000000]: 0.586000	0.020000	15.490492	17.204621	19.263736
[ WARN] [1506301924.589909894, 0.587000000]: 0.587000	0.020000	22.642864	17.854891	21.578987
[ WARN] [1506301924.593468465, 0.588000000]: 0.588000	0.020000	14.468219	22.434948	29.488895
[ WARN] [1506301924.597552993, 0.589000000]: 0.589000	0.020000	13.479869	22.020213	28.338630
[ WARN] [1506301924.601530512, 0.590000000]: 0.590000	0.020000	16.591297	26.444093	35.498675
[ WARN] [1506301924.605138328, 0.591000000]: 0.591000	0.020000	19.680697	28.934140	42.571852
[ WARN] [1506301924.608266203, 0.591000000]: 0.592000	0.020000	26.194753	36.541026	40.307643
[ WARN] [1506301924.619181954, 0.592000000]: 0.593000	0.020000	23.992067	36.398205	43.956745
[ WARN] [1506301924.625694900, 0.594000000]: 0.594000	0.020000	31.011224	42.995936	51.029895
[ WARN] [1506301924.629803467, 0.595000000]: 0.595000	0.020000	38.153976	43.328080	51.678388
[ WARN] [1506301924.633354513, 0.596000000]: 0.596000	0.020000	35.411093	49.639297	59.463519
[ WARN] [1506301924.637266278, 0.597000000]: 0.597000	0.020000	42.849986	46.767257	63.212680
[ WARN] [1506301924.641175155, 0.598000000]: 0.598000	0.020000	49.957117	53.701316	70.262784
[ WARN] [1506301924.648078876, 0.599000000]: 0.599000	0.020000	49.124065	60.342172	76.131536
[ WARN] [1506301924.655023551, 0.600000000]: 0.600000	0.020000	56.174512	67.414089	83.187312
[ WARN] [1506301924.661452435, 0.601000000]: 0.601000	0.020000	63.948227	59.900358	86.813770
[ WARN] [1506301924.666862910, 0.602000000]: 0.602000	0.020000	63.972684	66.934768	83.290384
[ WARN] [1506301924.671569109, 0.603000000]: 0.603000	0.020000	64.491859	65.369595	90.321181
[ WARN] [1506301924.675575684, 0.604000000]: 0.604000	0.020000	70.472395	73.422746	85.399078
[ WARN] [1506301924.680172100, 0.605000000]: 0.605000	0.020000	63.437604	79.757185	93.012280
[ WARN] [1506301924.687284093, 0.606000000]: 0.606000	0.020000	71.055830	78.247147	99.372993
[ WARN] [1506301924.694490487, 0.607000000]: 0.607000	0.020000	72.884958	84.888203	106.572311
[ WARN] [1506301924.700658045, 0.608000000]: 0.608000	0.020000	77.375049	86.099431	113.240850
[ WARN] [1506301924.704946956, 0.609000000]: 0.609000	0.020000	76.950349	93.363096	112.764196
[ WARN] [1506301924.709089917, 0.610000000]: 0.610000	0.020000	84.215496	96.182040	118.662470
[ WARN] [1506301924.712778610, 0.611000000]: 0.611000	0.020000	91.228217	103.134871	125.446285
[ WARN] [1506301924.716579730, 0.612000000]: 0.612000	0.020000	97.108906	106.669058	111.043633
[ WARN] [1506301924.721966764, 0.613000000]: 0.613000	0.020000	104.061721	113.624751	117.879314
[ WARN] [1506301924.729691525, 0.614000000]: 0.614000	0.020000	80.997033	118.417252	126.851247
[ WARN] [1506301924.733867974, 0.615000000]: 0.615000	0.020000	88.238157	115.837648	133.173509
[ WARN] [1506301924.737597075, 0.615000000]: 0.616000	0.020000	96.576154	98.320912	138.714833
[ WARN] [1506301924.741653513, 0.617000000]: 0.617000	0.020000	103.595663	105.169277	145.306259
[ WARN] [1506301924.746377696, 0.618000000]: 0.618000	0.020000	110.536496	112.172709	152.026577
[ WARN] [1506301924.751022089, 0.619000000]: 0.619000	0.020000	116.737267	119.792205	149.992369
[ WARN] [1506301924.755273484, 0.619000000]: 0.620000	0.020000	123.551423	126.663807	156.423382
[ WARN] [1506301924.761328109, 0.621000000]: 0.621000	0.020000	130.302859	133.456233	162.917194
[ WARN] [1506301924.767841062, 0.622000000]: 0.622000	0.020000	136.983163	140.170364	169.278200
[ WARN] [1506301924.772945845, 0.623000000]: 0.623000	0.020000	143.673444	146.898151	175.912812
[ WARN] [1506301924.777385621, 0.624000000]: 0.624000	0.020000	150.187685	153.628491	182.081739
[ WARN] [1506301924.781694766, 0.625000000]: 0.625000	0.020000	156.761662	160.259695	187.976037
[ WARN] [1506301924.785965418, 0.626000000]: 0.626000	0.020000	163.791482	154.201509	189.278443
[ WARN] [1506301924.788540836, 0.627000000]: 0.627000	0.020000	170.331196	160.793032	195.824487
[ WARN] [1506301924.790877223, 0.628000000]: 0.628000	0.020000	174.294729	167.335395	201.780378
[ WARN] [1506301924.794463271, 0.629000000]: 0.629000	0.020000	180.517832	173.717362	207.805054
[ WARN] [1506301924.797653563, 0.630000000]: 0.630000	0.020000	186.898075	180.191667	212.952829
[ WARN] [1506301924.800733279, 0.631000000]: 0.631000	0.020000	175.777502	160.519225	218.877704
[ WARN] [1506301924.804845491, 0.632000000]: 0.632000	0.020000	181.201172	167.922860	212.663304
[ WARN] [1506301924.809337434, 0.633000000]: 0.633000	0.020000	170.601270	173.437552	219.669705
[ WARN] [1506301924.814530174, 0.634000000]: 0.634000	0.020000	169.722910	179.359435	224.839990
[ WARN] [1506301924.818470692, 0.635000000]: 0.635000	0.020000	176.034436	185.896521	230.531239
[ WARN] [1506301924.823109644, 0.636000000]: 0.636000	0.020000	182.184424	192.261540	231.838363
[ WARN] [1506301924.827769999, 0.637000000]: 0.637000	0.020000	188.256535	198.138248	237.303813
[ WARN] [1506301924.833950851, 0.638000000]: 0.638000	0.020000	183.747630	183.724888	226.710203
[ WARN] [1506301924.841167522, 0.639000000]: 0.639000	0.020000	190.058618	190.659525	232.220325
[ WARN] [1506301924.845412873, 0.640000000]: 0.640000	0.020000	196.061443	196.522109	237.371202
[ WARN] [1506301924.850326134, 0.641000000]: 0.641000	0.020000	202.643762	202.228669	243.134721
[ WARN] [1506301924.854355841, 0.642000000]: 0.642000	0.020000	208.255243	208.680025	247.003173
[ WARN] [1506301924.858380379, 0.643000000]: 0.643000	0.020000	214.937458	214.112082	252.563309
[ WARN] [1506301924.862619273, 0.644000000]: 0.644000	0.020000	215.188704	220.635203	257.794576
[ WARN] [1506301924.868665460, 0.645000000]: 0.645000	0.020000	221.569593	215.678998	262.462813
[ WARN] [1506301924.874905276, 0.646000000]: 0.646000	0.020000	226.861803	221.401954	262.172239
[ WARN] [1506301924.880517007, 0.647000000]: 0.647000	0.020000	232.281596	227.740889	267.833991
[ WARN] [1506301924.884858321, 0.647000000]: 0.648000	0.020000	238.041470	232.415459	271.696022
[ WARN] [1506301924.889742526, 0.649000000]: 0.649000	0.020000	244.374492	238.458613	275.920254
[ WARN] [1506301924.893527660, 0.650000000]: 0.650000	0.020000	248.859697	242.829797	275.763439
[ WARN] [1506301924.898256141, 0.651000000]: 0.651000	0.020000	254.225305	250.341036	265.624774
[ WARN] [1506301924.904352096, 0.652000000]: 0.652000	0.020000	257.420625	254.720797	268.583554
[ WARN] [1506301924.909276808, 0.653000000]: 0.653000	0.020000	263.736359	259.693684	271.254557
[ WARN] [1506301924.914453286, 0.654000000]: 0.654000	0.020000	270.062981	250.827227	271.534162
[ WARN] [1506301924.917785017, 0.655000000]: 0.655000	0.020000	251.650019	256.738979	277.453315
[ WARN] [1506301924.920638351, 0.656000000]: 0.656000	0.020000	251.986538	259.680314	278.543578
[ WARN] [1506301924.922905179, 0.657000000]: 0.657000	0.020000	258.022907	257.947932	281.319708
[ WARN] [1506301924.925544031, 0.658000000]: 0.658000	0.020000	262.680824	263.110916	286.574212
[ WARN] [1506301924.928441148, 0.659000000]: 0.659000	0.020000	268.557750	266.942577	289.617259
[ WARN] [1506301924.931341398, 0.660000000]: 0.660000	0.020000	271.785513	271.547387	290.916919
[ WARN] [1506301924.933252672, 0.661000000]: 0.661000	0.020000	278.008126	274.640563	296.527835
[ WARN] [1506301924.935833912, 0.662000000]: 0.662000	0.020000	280.778306	281.592458	300.716112
[ WARN] [1506301924.939950739, 0.663000000]: 0.663000	0.020000	226.713039	260.416328	303.219513
[ WARN] [1506301924.945807476, 0.664000000]: 0.664000	0.020000	232.079623	259.643189	306.525851
[ WARN] [1506301924.950547861, 0.665000000]: 0.665000	0.020000	238.537256	264.195118	313.547133
[ WARN] [1506301924.954907883, 0.666000000]: 0.666000	0.020000	243.027713	268.883774	312.890026
[ WARN] [1506301924.958300930, 0.667000000]: 0.667000	0.020000	248.979153	273.561326	317.405218
[ WARN] [1506301924.960490544, 0.668000000]: 0.668000	0.020000	251.225433	258.883206	276.226158
[ WARN] [1506301924.962864020, 0.669000000]: 0.669000	0.020000	257.762321	264.612868	281.535626
[ WARN] [1506301924.965145540, 0.670000000]: 0.670000	0.020000	261.055347	267.695909	283.369231
[ WARN] [1506301924.968073060, 0.671000000]: 0.671000	0.020000	265.368442	272.707356	258.232676
[ WARN] [1506301924.971623861, 0.672000000]: 0.672000	0.020000	268.084638	276.283490	263.290293
[ WARN] [1506301924.975700945, 0.673000000]: 0.673000	0.020000	273.602891	280.699352	266.202422
[ WARN] [1506301924.980665616, 0.674000000]: 0.674000	0.020000	278.389156	284.899995	272.193796
[ WARN] [1506301924.986508173, 0.675000000]: 0.675000	0.020000	278.233233	286.642433	276.054616
[ WARN] [1506301924.989085530, 0.676000000]: 0.676000	0.020000	283.897968	292.124314	281.065350
[ WARN] [1506301924.992162195, 0.677000000]: 0.677000	0.020000	285.694420	296.034229	282.862937
[ WARN] [1506301924.995585146, 0.678000000]: 0.678000	0.020000	292.270305	283.760135	288.503002
[ WARN] [1506301924.997995846, 0.679000000]: 0.679000	0.020000	294.185047	289.158971	289.649887
[ WARN] [1506301925.000379602, 0.680000000]: 0.680000	0.020000	300.195282	292.282735	295.438317
[ WARN] [1506301925.002645715, 0.680000000]: 0.681000	0.020000	303.292874	293.591510	299.195148
[ WARN] [1506301925.005968513, 0.682000000]: 0.682000	0.020000	292.673085	299.586850	304.780286
[ WARN] [1506301925.009223447, 0.683000000]: 0.683000	0.020000	296.717332	300.137352	304.912492
[ WARN] [1506301925.014741691, 0.684000000]: 0.684000	0.020000	301.745538	300.798049	310.537917
[ WARN] [1506301925.020023170, 0.685000000]: 0.685000	0.020000	253.875347	309.638252	170.358598
[ WARN] [1506301925.023905350, 0.686000000]: 0.686000	0.020000	260.160912	278.080666	173.450592
[ WARN] [1506301925.029096917, 0.687000000]: 0.687000	0.020000	265.213794	272.569725	181.208886
[ WARN] [1506301925.031914730, 0.688000000]: 0.688000	0.020000	269.999588	279.384057	188.455816
[ WARN] [1506301925.034144765, 0.689000000]: 0.689000	0.020000	274.004338	242.413443	192.816552
[ WARN] [1506301925.036613450, 0.689000000]: 0.690000	0.020000	277.962794	248.606804	199.170048
[ WARN] [1506301925.040136763, 0.691000000]: 0.691000	0.020000	282.991480	252.992618	205.257015
[ WARN] [1506301925.042355019, 0.692000000]: 0.692000	0.020000	257.606978	255.578754	213.386448
[ WARN] [1506301925.044768984, 0.693000000]: 0.693000	0.020000	262.924057	261.178261	218.856148
[ WARN] [1506301925.048763616, 0.694000000]: 0.694000	0.020000	266.417095	264.239568	224.136665
[ WARN] [1506301925.054471191, 0.695000000]: 0.695000	0.020000	271.358983	267.924660	229.170751
[ WARN] [1506301925.058427426, 0.696000000]: 0.696000	0.020000	273.557099	274.456472	233.965218
[ WARN] [1506301925.063429535, 0.697000000]: 0.697000	0.020000	276.740487	261.012886	237.742040
[ WARN] [1506301925.066799636, 0.698000000]: 0.698000	0.020000	281.723618	266.217984	242.181148
[ WARN] [1506301925.070071203, 0.699000000]: 0.699000	0.020000	283.278489	271.879095	246.455574
[ WARN] [1506301925.072582007, 0.700000000]: 0.700000	0.020000	286.200223	274.586108	250.620166
[ WARN] [1506301925.074982982, 0.701000000]: 0.701000	0.020000	291.233084	275.630068	254.475177
[ WARN] [1506301925.077735183, 0.702000000]: 0.702000	0.020000	292.191987	281.677262	258.264955
[ WARN] [1506301925.080961678, 0.703000000]: 0.703000	0.020000	293.244405	286.996280	261.926772
[ WARN] [1506301925.084364343, 0.704000000]: 0.704000	0.020000	291.414221	288.479536	265.828241
[ WARN] [1506301925.087570335, 0.705000000]: 0.705000	0.020000	293.767191	292.722124	269.169449
[ WARN] [1506301925.092169610, 0.706000000]: 0.706000	0.020000	297.440668	297.886408	272.447906
[ WARN] [1506301925.096643579, 0.707000000]: 0.707000	0.020000	300.956646	302.582690	275.493899
[ WARN] [1506301925.101434418, 0.708000000]: 0.708000	0.020000	245.402947	299.760554	281.603617
[ WARN] [1506301925.104382146, 0.709000000]: 0.709000	0.020000	250.182711	303.980985	284.390639
[ WARN] [1506301925.109055652, 0.710000000]: 0.710000	0.020000	254.228472	309.327743	286.989963
[ WARN] [1506301925.113382911, 0.711000000]: 0.711000	0.020000	258.112691	310.314914	289.470513
[ WARN] [1506301925.117654658, 0.712000000]: 0.712000	0.020000	263.853522	311.523123	291.771902
[ WARN] [1506301925.121786470, 0.713000000]: 0.713000	0.020000	268.197662	313.928064	297.492870
[ WARN] [1506301925.125199667, 0.714000000]: 0.714000	0.020000	274.567766	287.894074	297.261135
[ WARN] [1506301925.129676165, 0.715000000]: 0.715000	0.020000	277.151197	294.697710	298.529443
[ WARN] [1506301925.136081591, 0.716000000]: 0.716000	0.020000	284.439259	271.616657	299.889710
[ WARN] [1506301925.139185854, 0.717000000]: 0.717000	0.020000	288.983167	277.005870	278.620100
[ WARN] [1506301925.142862355, 0.718000000]: 0.718000	0.020000	264.133946	279.306036	287.333549
[ WARN] [1506301925.145649591, 0.719000000]: 0.719000	0.020000	267.740612	282.886709	289.011200
[ WARN] [1506301925.148803983, 0.720000000]: 0.720000	0.020000	274.822478	251.020426	288.199583
[ WARN] [1506301925.152569724, 0.721000000]: 0.721000	0.020000	278.592808	255.341583	294.188665
[ WARN] [1506301925.156399765, 0.722000000]: 0.722000	0.020000	280.075479	261.335035	270.757560
[ WARN] [1506301925.159929241, 0.723000000]: 0.723000	-0.020000	285.322599	264.545532	275.615347
[ WARN] [1506301925.165939047, 0.723000000]: 0.724000	-0.020000	258.023030	252.281334	267.299832
[ WARN] [1506301925.172407813, 0.725000000]: 0.725000	-0.020000	247.878732	242.642198	259.252883
[ WARN] [1506301925.177517804, 0.726000000]: 0.726000	-0.020000	237.851825	234.874194	228.394404
[ WARN] [1506301925.180928960, 0.727000000]: 0.727000	-0.020000	229.825229	221.858957	220.411845
[ WARN] [1506301925.184723357, 0.728000000]: 0.728000	-0.020000	220.724826	213.221865	211.602152
[ WARN] [1506301925.188480796, 0.729000000]: 0.729000	-0.020000	211.903446	205.536238	204.343050
[ WARN] [1506301925.191830151, 0.730000000]: 0.730000	-0.020000	203.459323	198.938275	168.978570
[ WARN] [1506301925.194295790, 0.731000000]: 0.731000	-0.020000	195.789411	178.689347	161.653288
[ WARN] [1506301925.196932441, 0.732000000]: 0.732000	-0.020000	187.577059	171.647989	155.064411
[ WARN] [1506301925.202341526, 0.733000000]: 0.733000	-0.020000	179.822680	164.474026	148.460975
[ WARN] [1506301925.210154368, 0.734000000]: 0.734000	-0.020000	172.705360	157.714247	141.786898
[ WARN] [1506301925.214215523, 0.735000000]: 0.735000	-0.020000	136.993083	150.568331	119.254529
[ WARN] [1506301925.217638905, 0.736000000]: 0.736000	-0.020000	131.357179	104.128058	115.973665
[ WARN] [1506301925.222064848, 0.737000000]: 0.737000	-0.020000	116.406120	97.334880	115.833977
[ WARN] [1506301925.226301028, 0.738000000]: 0.738000	-0.020000	107.499087	90.993613	113.423598
[ WARN] [1506301925.230859772, 0.739000000]: 0.739000	-0.020000	100.972496	83.425272	106.731866
[ WARN] [1506301925.237308100, 0.740000000]: 0.740000	-0.020000	82.420599	75.986067	100.885259
[ WARN] [1506301925.242751627, 0.741000000]: 0.741000	-0.020000	75.869922	70.268653	95.079212
[ WARN] [1506301925.248516762, 0.742000000]: 0.742000	-0.020000	74.213083	72.177103	87.931716
[ WARN] [1506301925.252593535, 0.743000000]: 0.743000	-0.020000	87.758599	63.718527	82.972679
[ WARN] [1506301925.256285533, 0.744000000]: 0.744000	-0.020000	81.907202	56.887591	76.286705
[ WARN] [1506301925.260265661, 0.745000000]: 0.745000	-0.020000	75.346117	64.762136	78.664377
[ WARN] [1506301925.264563839, 0.746000000]: 0.746000	-0.020000	73.775038	61.579114	80.281468
[ WARN] [1506301925.268630942, 0.747000000]: 0.747000	-0.020000	85.249339	63.173440	80.571437
[ WARN] [1506301925.275876723, 0.748000000]: 0.748000	-0.020000	78.947767	56.558014	77.545974
[ WARN] [1506301925.282713683, 0.749000000]: 0.749000	-0.020000	71.783152	49.780531	72.680197
[ WARN] [1506301925.287316281, 0.750000000]: 0.750000	-0.020000	64.708677	42.972169	67.265721
[ WARN] [1506301925.291576421, 0.751000000]: 0.751000	-0.020000	57.705675	36.129860	61.293233
[ WARN] [1506301925.295635242, 0.752000000]: 0.752000	-0.020000	50.785783	29.225765	54.497599
[ WARN] [1506301925.299958350, 0.753000000]: 0.753000	-0.020000	43.899252	22.334656	47.552841
[ WARN] [1506301925.303730796, 0.754000000]: 0.754000	-0.020000	36.365907	16.106542	49.163412
[ WARN] [1506301925.310127194, 0.755000000]: 0.755000	-0.020000	28.731919	9.942212	51.899094
[ WARN] [1506301925.316689978, 0.756000000]: 0.756000	-0.020000	22.565942	10.657260	44.311999
[ WARN] [1506301925.322520184, 0.757000000]: 0.757000	-0.020000	30.699896	8.470608	46.984932
[ WARN] [1506301925.327105939, 0.758000000]: 0.758000	-0.020000	24.061551	1.723357	40.130973
[ WARN] [1506301925.331570596, 0.759000000]: 0.759000	-0.020000	35.316821	4.697444	49.683128
[ WARN] [1506301925.335411929, 0.760000000]: 0.760000	-0.020000	28.735795	0.120223	42.851376
[ WARN] [1506301925.339437931, 0.761000000]: 0.761000	-0.020000	34.002267	-7.616363	36.595908
[ WARN] [1506301925.343179539, 0.762000000]: 0.762000	-0.020000	27.136868	-14.602288	29.551401
[ WARN] [1506301925.348974736, 0.763000000]: 0.763000	0.020000	26.712783	-17.189939	32.487707
[ WARN] [1506301925.354913201, 0.764000000]: 0.764000	0.020000	34.078950	-8.136220	41.304353
[ WARN] [1506301925.359874705, 0.765000000]: 0.765000	0.020000	46.109583	8.556286	57.221341
[ WARN] [1506301925.364478052, 0.766000000]: 0.766000	0.020000	51.054262	15.859458	67.514468
[ WARN] [1506301925.368259378, 0.767000000]: 0.767000	0.020000	53.993795	23.266591	71.416872
[ WARN] [1506301925.371937455, 0.768000000]: 0.768000	0.020000	52.960881	29.827056	78.910134
[ WARN] [1506301925.375996994, 0.769000000]: 0.769000	0.020000	59.864471	36.950731	85.861181
[ WARN] [1506301925.379896381, 0.770000000]: 0.770000	0.020000	67.605720	53.462644	89.439788
[ WARN] [1506301925.386105403, 0.771000000]: 0.771000	0.020000	74.300364	61.096711	89.096830
[ WARN] [1506301925.392818498, 0.772000000]: 0.772000	0.020000	74.115316	68.113507	89.994278
[ WARN] [1506301925.396999488, 0.773000000]: 0.773000	0.020000	80.964312	75.374663	93.317649
[ WARN] [1506301925.401972403, 0.774000000]: 0.774000	0.020000	88.823826	74.773888	96.961507
[ WARN] [1506301925.406006930, 0.775000000]: 0.775000	0.020000	88.984897	81.199892	104.201036
[ WARN] [1506301925.409880578, 0.776000000]: 0.776000	0.020000	94.948874	86.737839	101.029100
[ WARN] [1506301925.414150886, 0.776000000]: 0.777000	0.020000	102.332906	85.512427	107.189960
[ WARN] [1506301925.419678908, 0.777000000]: 0.778000	0.020000	109.291406	92.552255	113.976228
[ WARN] [1506301925.426725532, 0.779000000]: 0.779000	0.020000	104.314335	98.515149	121.692829
[ WARN] [1506301925.432500604, 0.780000000]: 0.780000	0.020000	111.169721	105.423297	128.192844
[ WARN] [1506301925.436833779, 0.781000000]: 0.781000	0.020000	99.044077	102.561852	135.091236
[ WARN] [1506301925.440995255, 0.782000000]: 0.782000	0.020000	105.776647	109.053796	141.662107
[ WARN] [1506301925.445446793, 0.783000000]: 0.783000	0.020000	112.121846	116.657730	139.730669
[ WARN] [1506301925.451422877, 0.784000000]: 0.784000	0.020000	119.240849	121.577403	146.463571
[ WARN] [1506301925.457877108, 0.785000000]: 0.785000	0.020000	126.179053	128.284828	152.762180
[ WARN] [1506301925.464229307, 0.786000000]: 0.786000	0.020000	133.019119	134.898436	159.463118
[ WARN] [1506301925.469475581, 0.787000000]: 0.787000	0.020000	140.791124	124.924705	164.540718
[ WARN] [1506301925.473547953, 0.788000000]: 0.788000	0.020000	147.622132	131.512648	171.084898
[ WARN] [1506301925.478276109, 0.789000000]: 0.789000	0.020000	145.817330	137.687657	177.436816
[ WARN] [1506301925.482372938, 0.790000000]: 0.790000	0.020000	145.449289	144.517641	176.790711
[ WARN] [1506301925.488548846, 0.791000000]: 0.791000	0.020000	151.710241	151.805205	175.937854
[ WARN] [1506301925.492962216, 0.792000000]: 0.792000	0.020000	158.200311	158.056661	182.124987
[ WARN] [1506301925.498195608, 0.793000000]: 0.793000	0.020000	165.152179	155.177085	183.020693
[ WARN] [1506301925.503387184, 0.794000000]: 0.794000	0.020000	164.438420	160.947932	188.429048
[ WARN] [1506301925.508577303, 0.795000000]: 0.795000	0.020000	165.958689	167.033550	194.672220
[ WARN] [1506301925.512507599, 0.796000000]: 0.796000	0.020000	172.366985	173.200640	200.632214
[ WARN] [1506301925.516162881, 0.797000000]: 0.797000	0.020000	178.623466	179.145315	206.931805
[ WARN] [1506301925.520161299, 0.798000000]: 0.798000	0.020000	154.482574	186.548542	170.046252
[ WARN] [1506301925.524378300, 0.799000000]: 0.799000	0.020000	160.849804	191.626708	176.116561
[ WARN] [1506301925.529879768, 0.800000000]: 0.800000	0.020000	168.226777	181.430863	181.589440
[ WARN] [1506301925.534270055, 0.801000000]: 0.801000	0.020000	174.571929	185.765234	187.445759
[ WARN] [1506301925.539651679, 0.802000000]: 0.802000	0.020000	180.602376	191.664145	193.836409
[ WARN] [1506301925.544852614, 0.803000000]: 0.803000	-0.020000	186.510676	197.065727	199.529301
[ WARN] [1506301925.549453636, 0.804000000]: 0.804000	-0.020000	177.433525	189.039519	178.218154
[ WARN] [1506301925.553369254, 0.805000000]: 0.805000	-0.020000	169.258467	181.148078	170.926347
[ WARN] [1506301925.556695542, 0.806000000]: 0.806000	-0.020000	161.779834	173.610842	163.261891
[ WARN] [1506301925.560930605, 0.806000000]: 0.807000	-0.020000	154.255735	165.841883	156.364119
[ WARN] [1506301925.567013890, 0.808000000]: 0.808000	-0.020000	147.422400	158.179588	149.061186
[ WARN] [1506301925.573123340, 0.809000000]: 0.809000	-0.020000	140.819526	132.090732	141.164393
[ WARN] [1506301925.578139501, 0.810000000]: 0.810000	-0.020000	133.430292	125.015280	132.317604
[ WARN] [1506301925.582388082, 0.811000000]: 0.811000	-0.020000	121.316017	118.362996	117.153092
[ WARN] [1506301925.586836215, 0.812000000]: 0.812000	-0.020000	114.437721	109.626313	110.192668
[ WARN] [1506301925.591311143, 0.813000000]: 0.813000	-0.020000	107.952874	97.390164	103.796511
[ WARN] [1506301925.595646650, 0.813000000]: 0.814000	-0.020000	106.266739	101.546894	95.373616
[ WARN] [1506301925.600776377, 0.814000000]: 0.815000	-0.020000	104.547729	95.753873	95.618142
[ WARN] [1506301925.606952046, 0.816000000]: 0.816000	-0.020000	98.707526	104.602036	77.297587
[ WARN] [1506301925.613105021, 0.817000000]: 0.817000	-0.020000	85.199803	109.821712	70.264137
[ WARN] [1506301925.616360135, 0.818000000]: 0.818000	-0.020000	79.565975	103.415196	66.470175
[ WARN] [1506301925.618924190, 0.819000000]: 0.819000	-0.020000	77.193754	98.392678	65.673791
[ WARN] [1506301925.621010023, 0.820000000]: 0.820000	-0.020000	76.007923	91.099097	59.360480
[ WARN] [1506301925.623149479, 0.821000000]: 0.821000	-0.020000	69.094555	84.105559	52.551140
[ WARN] [1506301925.625420237, 0.822000000]: 0.822000	-0.020000	69.082977	76.800175	46.097357
[ WARN] [1506301925.628421981, 0.823000000]: 0.823000	-0.020000	69.593647	69.967995	46.561503
[ WARN] [1506301925.630999120, 0.824000000]: 0.824000	-0.020000	62.776563	63.074789	39.692392
[ WARN] [1506301925.636106409, 0.825000000]: 0.825000	-0.020000	55.810900	56.206154	32.794488
[ WARN] [1506301925.641654105, 0.826000000]: 0.826000	-0.020000	48.603074	49.602236	29.746986
[ WARN] [1506301925.646437509, 0.827000000]: 0.827000	-0.020000	41.511832	42.873621	25.016147
[ WARN] [1506301925.649511019, 0.828000000]: 0.828000	-0.020000	35.455968	53.808410	20.085193
[ WARN] [1506301925.652093247, 0.829000000]: 0.829000	-0.020000	28.621849	53.661552	17.391257
[ WARN] [1506301925.654602337, 0.830000000]: 0.830000	-0.020000	42.228179	50.191209	15.082844
[ WARN] [1506301925.658089426, 0.831000000]: 0.831000	-0.020000	35.556469	52.367054	14.868000
[ WARN] [1506301925.660581073, 0.832000000]: 0.832000	-0.020000	28.253630	45.645472	11.812673
[ WARN] [1506301925.663235269, 0.833000000]: 0.833000	-0.020000	31.249223	38.122953	11.216304
[ WARN] [1506301925.665607288, 0.834000000]: 0.834000	-0.020000	24.841692	36.571598	3.936101
[ WARN] [1506301925.668993746, 0.835000000]: 0.835000	-0.020000	18.063346	33.733866	-3.315361
[ WARN] [1506301925.674358532, 0.836000000]: 0.836000	-0.020000	11.122599	31.161948	-7.358536
[ WARN] [1506301925.680105518, 0.837000000]: 0.837000	-0.020000	4.042840	27.583344	-10.031098
[ WARN] [1506301925.683241440, 0.838000000]: 0.838000	-0.020000	10.236164	22.705882	-13.015154
[ WARN] [1506301925.686974988, 0.839000000]: 0.839000	-0.020000	3.071137	22.016278	-8.320447
[ WARN] [1506301925.690447096, 0.840000000]: 0.840000	-0.020000	-3.768416	18.677291	-15.548836
[ WARN] [1506301925.694239939, 0.841000000]: 0.841000	-0.020000	-10.700109	14.074005	-22.679744
[ WARN] [1506301925.698441714, 0.842000000]: 0.842000	-0.020000	-9.514946	10.307385	-29.183910
[ WARN] [1506301925.702555985, 0.843000000]: 0.843000	0.020000	-16.872611	7.899062	-23.047887
[ WARN] [1506301925.708196767, 0.844000000]: 0.844000	0.020000	-9.148774	24.324727	-13.619682
[ WARN] [1506301925.714800020, 0.845000000]: 0.845000	0.020000	4.665948	31.081376	-4.990854
[ WARN] [1506301925.718266754, 0.845000000]: 0.846000	0.020000	11.446426	38.600956	10.142760
[ WARN] [1506301925.722269135, 0.847000000]: 0.847000	0.020000	18.860801	52.549631	19.381000
[ WARN] [1506301925.724809155, 0.848000000]: 0.848000	0.020000	36.311784	63.611255	33.047874
[ WARN] [1506301925.727536234, 0.849000000]: 0.849000	0.020000	43.296257	72.943639	50.053643
[ WARN] [1506301925.730663166, 0.850000000]: 0.850000	0.020000	52.052101	79.863270	57.366722
[ WARN] [1506301925.733378999, 0.851000000]: 0.851000	0.020000	65.794532	86.258441	65.056176
[ WARN] [1506301925.736032023, 0.852000000]: 0.852000	0.020000	78.627593	87.478475	72.285595
[ WARN] [1506301925.738520657, 0.853000000]: 0.853000	0.020000	85.649021	94.363328	79.291689
[ WARN] [1506301925.741236063, 0.854000000]: 0.854000	0.020000	92.199831	101.680291	81.934045
[ WARN] [1506301925.746555413, 0.855000000]: 0.855000	0.020000	97.785328	92.503270	82.037786
[ WARN] [1506301925.752945245, 0.856000000]: 0.856000	0.020000	98.409980	99.215550	85.699800
[ WARN] [1506301925.756815729, 0.857000000]: 0.857000	0.020000	102.009034	105.969148	92.889026
[ WARN] [1506301925.760968540, 0.858000000]: 0.858000	0.020000	108.532477	113.162759	96.217574
[ WARN] [1506301925.764883285, 0.859000000]: 0.859000	0.020000	116.139638	105.113332	102.357692
[ WARN] [1506301925.768551044, 0.860000000]: 0.860000	0.020000	122.886940	112.000223	108.691269
[ WARN] [1506301925.772557774, 0.861000000]: 0.861000	0.020000	129.560553	118.895194	115.506225
[ WARN] [1506301925.776627316, 0.862000000]: 0.862000	0.020000	119.069020	124.573602	123.451896
[ WARN] [1506301925.782301603, 0.863000000]: 0.863000	0.020000	125.539261	131.457750	128.774493
[ WARN] [1506301925.788192029, 0.864000000]: 0.864000	0.020000	132.307177	138.119625	135.629572
[ WARN] [1506301925.792578960, 0.865000000]: 0.865000	0.020000	138.949778	144.845207	142.210638
[ WARN] [1506301925.797191737, 0.866000000]: 0.866000	0.020000	145.684458	151.303016	148.960506
[ WARN] [1506301925.802000587, 0.867000000]: 0.867000	0.020000	152.391334	157.875207	155.223764
[ WARN] [1506301925.806134410, 0.868000000]: 0.868000	0.020000	158.668423	164.381385	161.774137
[ WARN] [1506301925.810251994, 0.869000000]: 0.869000	0.020000	165.221126	166.124056	166.629370
[ WARN] [1506301925.814400747, 0.870000000]: 0.870000	0.020000	146.791532	171.188576	174.157599
[ WARN] [1506301925.819383562, 0.871000000]: 0.871000	0.020000	153.508474	177.452836	180.407599
[ WARN] [1506301925.823288856, 0.872000000]: 0.872000	0.020000	159.522655	184.279868	173.510046
[ WARN] [1506301925.830145039, 0.873000000]: 0.873000	0.020000	167.497314	172.709990	178.557990
[ WARN] [1506301925.834185716, 0.874000000]: 0.874000	0.020000	162.321002	168.663659	169.076881
[ WARN] [1506301925.839376689, 0.875000000]: 0.875000	0.020000	168.795692	174.940965	175.514393
[ WARN] [1506301925.843949281, 0.876000000]: 0.876000	0.020000	175.197114	181.082096	181.383612
[ WARN] [1506301925.848584757, 0.877000000]: 0.877000	0.020000	179.177971	189.334664	160.943177
[ WARN] [1506301925.853972759, 0.878000000]: 0.878000	0.020000	185.750085	195.303082	167.213747
[ WARN] [1506301925.859832557, 0.879000000]: 0.879000	0.020000	189.807867	201.307508	173.765499
[ WARN] [1506301925.865330228, 0.880000000]: 0.880000	0.020000	188.597167	185.957317	179.261846
[ WARN] [1506301925.869555819, 0.881000000]: 0.881000	0.020000	195.064630	192.619855	185.574288
[ WARN] [1506301925.874651285, 0.882000000]: 0.882000	0.020000	200.604636	198.568953	182.872279
[ WARN] [1506301925.878954256, 0.883000000]: 0.883000	-0.020000	206.909500	205.054867	188.709620
[ WARN] [1506301925.882612685, 0.884000000]: 0.884000	-0.020000	191.651134	195.546667	181.745153
[ WARN] [1506301925.886133093, 0.885000000]: 0.885000	-0.020000	183.670833	187.056006	174.153994
[ WARN] [1506301925.891751698, 0.886000000]: 0.886000	-0.020000	175.879784	179.599397	166.488531
[ WARN] [1506301925.897448698, 0.887000000]: 0.887000	-0.020000	168.717254	171.946937	158.876542
[ WARN] [1506301925.903006980, 0.888000000]: 0.888000	-0.020000	161.349733	164.889980	151.536106
[ WARN] [1506301925.908220863, 0.889000000]: 0.889000	-0.020000	153.467046	150.877549	133.185413
[ WARN] [1506301925.912933739, 0.890000000]: 0.890000	-0.020000	135.196966	142.832651	126.868319
[ WARN] [1506301925.916092558, 0.891000000]: 0.891000	-0.020000	120.497695	135.364764	120.549954
[ WARN] [1506301925.919173071, 0.892000000]: 0.892000	-0.020000	114.463013	110.194473	112.859374
[ WARN] [1506301925.923247124, 0.893000000]: 0.893000	-0.020000	100.160460	103.207087	108.720018
[ WARN] [1506301925.928034906, 0.894000000]: 0.894000	-0.020000	94.522483	78.015833	100.806694
[ WARN] [1506301925.933388671, 0.894000000]: 0.895000	-0.020000	83.149142	80.007710	85.613295
[ WARN] [1506301925.937509033, 0.896000000]: 0.896000	-0.020000	86.391878	73.150743	79.441611
[ WARN] [1506301925.942166464, 0.897000000]: 0.897000	-0.020000	89.619294	65.561458	80.124325
[ WARN] [1506301925.947752408, 0.898000000]: 0.898000	-0.020000	82.955031	59.299426	80.169874
[ WARN] [1506301925.951603967, 0.899000000]: 0.899000	-0.020000	76.083181	57.734062	77.127596
[ WARN] [1506301925.956424687, 0.900000000]: 0.900000	-0.020000	70.298984	56.171301	74.476563
[ WARN] [1506301925.961759148, 0.901000000]: 0.901000	-0.020000	69.162605	51.472869	72.464606
[ WARN] [1506301925.967300088, 0.902000000]: 0.902000	-0.020000	68.740907	46.636939	65.815622
[ WARN] [1506301925.975440126, 0.903000000]: 0.903000	-0.020000	61.743801	39.932144	61.445769
[ WARN] [1506301925.980485299, 0.904000000]: 0.904000	-0.020000	55.136827	36.905178	54.163431
[ WARN] [1506301925.984651586, 0.905000000]: 0.905000	-0.020000	48.193115	30.005949	47.226757
[ WARN] [1506301925.989566580, 0.905000000]: 0.906000	-0.020000	46.083572	22.768304	40.599873
[ WARN] [1506301925.993949855, 0.906000000]: 0.907000	-0.020000	37.910584	17.212223	49.923428
[ WARN] [1506301926.009530872, 0.907000000]: 0.908000	-0.020000	38.424700	19.081437	42.651022
[ WARN] [1506301926.013757984, 0.908000000]: 0.909000	-0.020000	33.442479	16.752174	41.636930
[ WARN] [1506301926.017879423, 0.910000000]: 0.910000	-0.020000	42.508360	11.000414	39.763324
[ WARN] [1506301926.020944483, 0.911000000]: 0.911000	-0.020000	35.974435	5.709915	32.655050
[ WARN] [1506301926.023524590, 0.912000000]: 0.912000	-0.020000	41.270257	2.114839	35.164797
[ WARN] [1506301926.025999585, 0.912000000]: 0.913000	-0.020000	34.688074	-2.746869	28.028301
[ WARN] [1506301926.028762182, 0.914000000]: 0.914000	-0.020000	37.937887	-6.124701	21.204680
[ WARN] [1506301926.031266169, 0.915000000]: 0.915000	-0.020000	31.068763	-13.086250	14.144737
[ WARN] [1506301926.036008260, 0.916000000]: 0.916000	-0.020000	22.918700	-18.969128	23.068272
[ WARN] [1506301926.041677073, 0.917000000]: 0.917000	-0.020000	31.300763	-14.925180	15.974541
[ WARN] [1506301926.046297449, 0.918000000]: 0.918000	-0.020000	24.486363	-21.845793	8.901213
[ WARN] [1506301926.048518313, 0.919000000]: 0.919000	-0.020000	17.426730	-28.845287	1.821132
[ WARN] [1506301926.050795203, 0.920000000]: 0.920000	-0.020000	14.073506	-34.973607	13.517393
[ WARN] [1506301926.053351906, 0.920000000]: 0.921000	-0.020000	16.542847	-42.643444	7.142867
[ WARN] [1506301926.055962452, 0.922000000]: 0.922000	-0.020000	10.272435	-42.527894	-0.542699
[ WARN] [1506301926.058765424, 0.923000000]: 0.923000	-0.020000	3.226854	-49.499905	-7.635374
[ WARN] [1506301926.061023246, 0.924000000]: 0.924000	-0.020000	4.548764	-57.022806	-14.183367
[ WARN] [1506301926.063400622, 0.925000000]: 0.925000	-0.020000	-1.599336	-54.050041	-22.095041
[ WARN] [1506301926.065484856, 0.926000000]: 0.926000	-0.020000	0.873248	-60.691325	-12.254534
[ WARN] [1506301926.068013028, 0.927000000]: 0.927000	-0.020000	-6.123831	-67.581561	-17.764216
[ WARN] [1506301926.072271764, 0.928000000]: 0.928000	-0.020000	-9.169250	-74.805893	-24.623500
[ WARN] [1506301926.076505718, 0.929000000]: 0.929000	-0.020000	-15.968195	-65.839532	-21.456423
[ WARN] [1506301926.081078846, 0.930000000]: 0.930000	-0.020000	-11.214417	-71.118574	-27.938274
[ WARN] [1506301926.083247724, 0.931000000]: 0.931000	-0.020000	-19.029711	-77.220778	-23.408250
[ WARN] [1506301926.086064306, 0.932000000]: 0.932000	-0.020000	-19.540397	-84.615584	-30.059013
[ WARN] [1506301926.088879303, 0.933000000]: 0.933000	-0.020000	-25.059168	-63.976606	-38.666113
[ WARN] [1506301926.091096914, 0.934000000]: 0.934000	-0.020000	-24.639145	-71.299138	-45.317259
[ WARN] [1506301926.092826449, 0.935000000]: 0.935000	-0.020000	-33.337218	-76.605509	-30.677518
[ WARN] [1506301926.095109701, 0.936000000]: 0.936000	-0.020000	-30.251366	-84.261468	-36.976625
[ WARN] [1506301926.097544326, 0.937000000]: 0.937000	-0.020000	-36.434629	-91.282046	-44.043625
[ WARN] [1506301926.099860081, 0.938000000]: 0.938000	-0.020000	-43.475914	-98.200279	-51.161972
[ WARN] [1506301926.102073825, 0.939000000]: 0.939000	-0.020000	-43.741874	-105.518996	-57.823840
[ WARN] [1506301926.104931835, 0.940000000]: 0.940000	-0.020000	-50.707020	-112.355888	-64.912066
[ WARN] [1506301926.110746254, 0.941000000]: 0.941000	-0.020000	-41.633129	-120.443935	-70.694009
[ WARN] [1506301926.115511931, 0.942000000]: 0.942000	-0.020000	-48.386950	-127.211253	-77.735268
[ WARN] [1506301926.118788561, 0.943000000]: 0.943000	-0.020000	-55.372634	-133.890986	-84.784326
[ WARN] [1506301926.122118853, 0.944000000]: 0.944000	-0.020000	-62.614378	-140.239008	-86.036777
[ WARN] [1506301926.124709155, 0.945000000]: 0.945000	-0.020000	-69.118952	-105.286752	-66.561623
[ WARN] [1506301926.126859795, 0.946000000]: 0.946000	-0.020000	-76.118743	-112.336058	-73.726470
[ WARN] [1506301926.129201799, 0.947000000]: 0.947000	-0.020000	-64.035706	-120.898339	-79.312851
[ WARN] [1506301926.131899224, 0.948000000]: 0.948000	-0.020000	-70.958293	-127.884294	-86.378276
[ WARN] [1506301926.134176080, 0.949000000]: 0.949000	-0.020000	-77.945817	-134.774540	-93.415350
[ WARN] [1506301926.136082352, 0.950000000]: 0.950000	-0.020000	-84.903866	-141.574049	-100.406530
[ WARN] [1506301926.138867128, 0.951000000]: 0.951000	-0.020000	-93.303157	-146.816813	-89.137916
[ WARN] [1506301926.141809802, 0.952000000]: 0.952000	-0.020000	-100.200495	-153.452779	-96.116668
[ WARN] [1506301926.146155012, 0.953000000]: 0.953000	-0.020000	-107.053603	-159.987456	-103.101264
[ WARN] [1506301926.152096733, 0.954000000]: 0.954000	-0.020000	-112.625984	-166.486911	-109.959808
[ WARN] [1506301926.156199730, 0.955000000]: 0.955000	-0.020000	-75.300063	-175.182684	-114.477133
[ WARN] [1506301926.159150232, 0.956000000]: 0.956000	-0.020000	-79.601383	-142.424569	-123.673993
[ WARN] [1506301926.161994430, 0.957000000]: 0.957000	-0.020000	-88.265288	-147.572368	-112.767043
[ WARN] [1506301926.164177196, 0.958000000]: 0.958000	-0.020000	-95.325201	-154.488210	-119.720299
[ WARN] [1506301926.166217183, 0.959000000]: 0.959000	-0.020000	-102.333742	-161.257398	-126.568690
[ WARN] [1506301926.168461432, 0.960000000]: 0.960000	-0.020000	-109.289501	-167.874489	-133.337765
[ WARN] [1506301926.170543783, 0.961000000]: 0.961000	-0.020000	-116.188433	-174.336393	-140.023711
[ WARN] [1506301926.172568335, 0.962000000]: 0.962000	-0.020000	-123.026575	-180.641766	-146.623361
[ WARN] [1506301926.174908346, 0.963000000]: 0.963000	-0.020000	-129.800002	-186.790494	-153.134098
[ WARN] [1506301926.177306758, 0.964000000]: 0.964000	-0.020000	-127.309435	-193.388521	-158.970489
[ WARN] [1506301926.181190897, 0.965000000]: 0.965000	-0.020000	-123.196966	-199.876304	-163.974705
[ WARN] [1506301926.186017046, 0.966000000]: 0.966000	-0.020000	-133.590507	-202.039582	-125.674597
[ WARN] [1506301926.190920856, 0.967000000]: 0.967000	-0.020000	-117.081249	-209.084264	-131.238418
[ WARN] [1506301926.194782548, 0.968000000]: 0.968000	-0.020000	-118.772109	-121.670327	-143.321000
[ WARN] [1506301926.197892637, 0.969000000]: 0.969000	-0.020000	-125.752740	-129.217512	-150.172814
[ WARN] [1506301926.200347595, 0.970000000]: 0.970000	-0.020000	-132.667314	-136.815720	-156.871720
[ WARN] [1506301926.202775368, 0.971000000]: 0.971000	-0.020000	-139.485946	-144.195063	-163.443014
[ WARN] [1506301926.205421324, 0.972000000]: 0.972000	-0.020000	-146.204956	-151.358222	-169.886046
[ WARN] [1506301926.208325216, 0.973000000]: 0.973000	-0.020000	-152.821156	-158.311201	-176.201076
[ WARN] [1506301926.211936305, 0.974000000]: 0.974000	-0.020000	-152.560390	-165.494781	-181.958796
[ WARN] [1506301926.215714210, 0.975000000]: 0.975000	-0.020000	-120.815628	-174.388819	-185.701999
[ WARN] [1506301926.220387800, 0.976000000]: 0.976000	-0.020000	-127.964760	-180.780851	-191.650651
[ WARN] [1506301926.223707032, 0.977000000]: 0.977000	-0.020000	-134.975447	-186.997707	-197.472893
[ WARN] [1506301926.228796825, 0.978000000]: 0.978000	-0.020000	-141.862638	-193.052203	-203.164452
[ WARN] [1506301926.232077362, 0.979000000]: 0.979000	-0.020000	-148.622985	-198.951436	-208.723390
[ WARN] [1506301926.234863654, 0.980000000]: 0.980000	-0.020000	-155.254944	-204.700894	-214.146965
[ WARN] [1506301926.238047868, 0.981000000]: 0.981000	-0.020000	-161.758253	-210.304336	-219.431701
[ WARN] [1506301926.240353476, 0.982000000]: 0.982000	-0.020000	-169.103798	-214.800356	-210.481296
[ WARN] [1506301926.243774509, 0.983000000]: 0.983000	-0.020000	-175.363938	-220.107752	-216.181539
[ WARN] [1506301926.246550836, 0.984000000]: 0.984000	-0.020000	-181.837980	-224.934446	-217.534131
[ WARN] [1506301926.248582488, 0.985000000]: 0.985000	-0.020000	-189.691839	-228.117825	-200.443844
[ WARN] [1506301926.250388114, 0.986000000]: 0.986000	-0.020000	-195.567047	-232.993008	-206.543461
[ WARN] [1506301926.252582918, 0.986000000]: 0.987000	-0.020000	-201.316606	-237.713596	-212.400641
[ WARN] [1506301926.256808088, 0.988000000]: 0.988000	-0.020000	-206.941861	-242.271710	-218.014578
[ WARN] [1506301926.260776645, 0.989000000]: 0.989000	-0.020000	-212.440226	-246.664844	-223.391697
[ WARN] [1506301926.265285067, 0.990000000]: 0.990000	-0.020000	-217.808251	-250.890975	-228.541374
[ WARN] [1506301926.268186899, 0.991000000]: 0.991000	-0.020000	-174.894221	-257.192100	-231.236617
[ WARN] [1506301926.271053016, 0.992000000]: 0.992000	-0.020000	-181.586057	-261.081919	-235.950848
[ WARN] [1506301926.273786877, 0.993000000]: 0.993000	-0.020000	-188.234360	-264.786605	-240.488417
[ WARN] [1506301926.276349168, 0.994000000]: 0.994000	-0.020000	-194.653883	-268.324592	-244.839322
[ WARN] [1506301926.278782657, 0.995000000]: 0.995000	-0.020000	-200.842692	-271.698271	-249.011714
[ WARN] [1506301926.281112203, 0.996000000]: 0.996000	-0.020000	-206.803539	-274.910737	-253.012385
[ WARN] [1506301926.283690515, 0.997000000]: 0.997000	-0.020000	-212.542129	-277.965646	-256.846851
[ WARN] [1506301926.286433483, 0.998000000]: 0.998000	-0.020000	-218.065764	-280.867039	-260.519505
[ WARN] [1506301926.290001444, 0.999000000]: 0.999000	-0.020000	-223.650534	-217.253523	-231.892231
[ WARN] [1506301926.294529003, 0.999000000]: 1.000000	-0.020000	-227.482507	-223.543334	-236.855497
[ WARN] [1506301926.298040235, 1.001000000]: 1.001000	-0.020000	-232.503044	-229.463152	-241.943230
[ WARN] [1506301926.303350839, 1.002000000]: 1.002000	-0.020000	-142.304295	-221.036663	-242.625628
