maximum effort: 0.02
maximum rotational velocity: 311.145232
left  system order should be 19
back  system order should be 19
right system order should be 18
	not good fits, but more is noisy

left:
numerator:
[0, 299.205169311786, 42.7454832222687, 3.40329690821545, -57.5719607736111, -6.39601880123243, 64.8633696856677, 50.2513882518906, 7.28237007855358, 7.26286263807885, -55.6027387387651, -5.6006710601731, 76.4380650797802, -106.530431248474, 102.552749252963, -115.552329367662, 24.4371522916245, -12.5282218883968, -21.8567267973166, -40.4869502219885]
denominator:
[1, -0.943109063948864, -0.000802811118535008, 0.0119833738037196, -0.00939610948677093, 0.00740963770497554, 0.00624847390924769, -0.0187202955883851, -0.0116055338937779, 0.0378693004516019, -0.0657424465885518, -0.0275036528130592, 0.0604572005939233, 0.012192304326426, -0.0432641125096068, 0.0115016154183605, -0.0634673904145796, 0.0634748853827728, 0.0218900576859125, -0.0352018185901665]

back: 
numerator:
[0, 395.316735078604, -62.327056121437, -31.0519992200532, 58.2339279771799, -9.67523409446678, 83.2953082322166, -30.2832547598144, 84.7422486506874, -86.8279610432096, -1.09986887257052, 8.48696431163264, -79.997927099302, 49.8203216583115, -41.7030871536683, 37.573221846139, -70.3987017312065, 74.0492919290515, 24.7085684603911, -50.8162801834023]
denominator:
[1, -0.926834483631099, -0.017641461675166, -0.0320369444363076, 0.0339631659854683, -0.0138339574681837, 0.0117178048756927, 0.0119212908345178, -0.0164000722055049, -0.0490705553413314, 0.0429999903287125, -0.0200690557365878, -0.0447086407680921, 0.013161237956747, 0.0676655471238573, -0.00448063385387264, -0.0192744944388434, 0.0228941571890671, -0.000305835618446973, -0.037686719216476]

right:
numerator:
[0, 317.889040163365, -1.60891774043762, 46.7722710449848, -70.1396197282322, 334.821188215738, -254.922623028727, 35.6370220734426, -59.4937908048342, -43.3755424792823, 25.8826061396673, -6.66833859058659, 59.9887464560933, -29.3442694087906, -34.9242122589123, -0.54404658655941, 30.0026999571873, 23.6925628477408, -72.2185597149252]
denominator:
[1, -0.9429783934, -0.00883947916289008, -0.0103560664107599, 0.000381267504548422, 0.0168030875808333, -0.0385587774326902, 0.0397028373846567, -0.0180238037236327, -0.0222982148920506, 0.000755826570240896, 0.0501275468531845, -0.0281557187753654, -0.0059720268114839, -0.0394498019784024, 0.0326023481414496, 0.017155926360403, -0.0858197391116377, 0.0613444528254477]

Ziegler-Nichols; P, PI, PID
left
   3.6799e-05            0            0
   2.9439e-05   6.4480e-01            0
   4.4159e-05   4.0300e-01   1.0075e-01
back
   3.9926e-05            0            0
   3.1941e-05   6.0800e-01            0
   4.7911e-05   3.8000e-01   9.5000e-02
right
   3.9141e-05            0            0
   3.1313e-05   6.1120e-01            0
   4.6969e-05   3.8200e-01   9.5500e-02
